0.53186
0.53186
0.53186
0.53186
0.53186
0.53186
0.53186
0.53186
0.53186
0.53186
0.53186
-0.41933
-0.41933
-0.41933
-0.41933
-0.41933
-0.41933
-0.41933
-0.41933
-0.41933
-0.41933
-0.41933
1.4071
1.4071
1.4071
1.4071
1.4071
1.4071
1.4071
1.4071
1.4071
1.4071
1.4071
-1.5316
-1.5316
-1.5316
-1.5316
-1.5316
-1.5316
-1.5316
-1.5316
-1.5316
-1.5316
-1.5316
-0.016143
-0.016143
-0.016143
-0.016143
-0.016143
-0.016143
-0.016143
-0.016143
-0.016143
-0.016143
-0.016143
0.081685
0.081685
0.081685
0.081685
0.081685
0.081685
0.081685
0.081685
0.081685
0.081685
0.081685
-0
-0
-0
-0
-0
-0
-0
-0
-0
-0
-0
0.057989
0.057989
0.057989
0.057989
0.057989
0.057989
0.057989
0.057989
0.057989
0.057989
0.057989
0
0
0
0
0
0
0
0
0
0
0
0.0036346
0.0036346
0.0036346
0.0036346
0.0036346
0.0036346
0.0036346
0.0036346
0.0036346
0.0036346
0.0036346
-0.04069
-0.04069
-0.04069
-0.04069
-0.04069
-0.04069
-0.04069
-0.04069
-0.04069
-0.04069
-0.04069
0.027505
0.027505
0.027505
0.027505
0.027505
0.027505
0.027505
0.027505
0.027505
0.027505
0.027505
0
0
0
0
0
0
0
0
0
0
0
0.22343
0.22343
0.22343
0.22343
0.22343
0.22343
0.22343
0.22343
0.22343
0.22343
0.22343
-0.0010117
-0.0010117
-0.0010117
-0.0010117
-0.0010117
-0.0010117
-0.0010117
-0.0010117
-0.0010117
-0.0010117
-0.0010117
-0
-0
-0
-0
-0
-0
-0
-0
-0
-0
-0
-0.030189
-0.030189
-0.030189
-0.030189
-0.030189
-0.030189
-0.030189
-0.030189
-0.030189
-0.030189
-0.030189
0.047901
0.047901
0.047901
0.047901
0.047901
0.047901
0.047901
0.047901
0.047901
0.047901
0.047901
-0
-0
-0
-0
-0
-0
-0
-0
-0
-0
-0
0.05023
0.05023
0.05023
0.05023
0.05023
0.05023
0.05023
0.05023
0.05023
0.05023
0.05023
-0
-0
-0
-0
-0
-0
-0
-0
-0
-0
-0
-0.080408
-0.080408
-0.080408
-0.080408
-0.080408
-0.080408
-0.080408
-0.080408
-0.080408
-0.080408
-0.080408
0.13046
0.13046
0.13046
0.13046
0.13046
0.13046
0.13046
0.13046
0.13046
0.13046
0.13046
-0.049772
-0.049772
-0.049772
-0.049772
-0.049772
-0.049772
-0.049772
-0.049772
-0.049772
-0.049772
-0.049772
-0
-0
-0
-0
-0
-0
-0
-0
-0
-0
-0
-0
-0
-0
-0
-0
-0
-0
-0
-0
-0
-0
-0
-0
-0
-0
-0
-0
-0
-0
-0
-0
-0
0
0
0
0
0
0
0
0
0
0
0
0.081053
0.081053
0.081053
0.081053
0.081053
0.081053
0.081053
0.081053
0.081053
0.081053
0.081053
-0.0006838
-0.0006838
-0.0006838
-0.0006838
-0.0006838
-0.0006838
-0.0006838
-0.0006838
-0.0006838
-0.0006838
-0.0006838
-0
-0
-0
-0
-0
-0
-0
-0
-0
-0
-0
0.061173
0.061173
0.061173
0.061173
0.061173
0.061173
0.061173
0.061173
0.061173
0.061173
0.061173
-0.038061
-0.038061
-0.038061
-0.038061
-0.038061
-0.038061
-0.038061
-0.038061
-0.038061
-0.038061
-0.038061
-0
-0
-0
-0
-0
-0
-0
-0
-0
-0
-0
-0.031445
-0.031445
-0.031445
-0.031445
-0.031445
-0.031445
-0.031445
-0.031445
-0.031445
-0.031445
-0.031445
-0.038663
-0.038663
-0.038663
-0.038663
-0.038663
-0.038663
-0.038663
-0.038663
-0.038663
-0.038663
-0.038663
-0
-0
-0
-0
-0
-0
-0
-0
-0
-0
-0
-0.13817
-0.13817
-0.13817
-0.13817
-0.13817
-0.13817
-0.13817
-0.13817
-0.13817
-0.13817
-0.13817
-0
-0
-0
-0
-0
-0
-0
-0
-0
-0
-0
-0.1129
-0.1129
-0.1129
-0.1129
-0.1129
-0.1129
-0.1129
-0.1129
-0.1129
-0.1129
-0.1129
0
0
0
0
0
0
0
0
0
0
0
0
0
0
0
0
0
0
0
0
0
0
-0.051066
-0.051066
-0.051066
-0.051066
-0.051066
-0.051066
-0.051066
-0.051066
-0.051066
-0.051066
-0.051066
-0
-0
-0
-0
-0
-0
-0
-0
-0
-0
-0
0
0
0
0
0
0
0
0
0
0
0
-0.06971
-0.06971
-0.06971
-0.06971
-0.06971
-0.06971
-0.06971
-0.06971
-0.06971
-0.06971
-0.06971
0.085519
0.085519
0.085519
0.085519
0.085519
0.085519
0.085519
0.085519
0.085519
0.085519
0.085519
0
0
0
0
0
0
0
0
0
0
0
-0.066546
-0.066546
-0.066546
-0.066546
-0.066546
-0.066546
-0.066546
-0.066546
-0.066546
-0.066546
-0.066546
-0.21648
-0.21648
-0.21648
-0.21648
-0.21648
-0.21648
-0.21648
-0.21648
-0.21648
-0.21648
-0.21648
0.155
0.155
0.155
0.155
0.155
0.155
0.155
0.155
0.155
0.155
0.155
-0.023019
-0.023019
-0.023019
-0.023019
-0.023019
-0.023019
-0.023019
-0.023019
-0.023019
-0.023019
-0.023019
-0.18383
-0.18383
-0.18383
-0.18383
-0.18383
-0.18383
-0.18383
-0.18383
-0.18383
-0.18383
-0.18383
-0.071793
-0.071793
-0.071793
-0.071793
-0.071793
-0.071793
-0.071793
-0.071793
-0.071793
-0.071793
-0.071793
-0.019706
-0.019706
-0.019706
-0.019706
-0.019706
-0.019706
-0.019706
-0.019706
-0.019706
-0.019706
-0.019706
-0
-0
-0
-0
-0
-0
-0
-0
-0
-0
-0
0
0
0
0
0
0
0
0
0
0
0
0.027357
0.027357
0.027357
0.027357
0.027357
0.027357
0.027357
0.027357
0.027357
0.027357
0.027357
0.044566
0.044566
0.044566
0.044566
0.044566
0.044566
0.044566
0.044566
0.044566
0.044566
0.044566
0
0
0
0
0
0
0
0
0
0
0
-0.032197
-0.032197
-0.032197
-0.032197
-0.032197
-0.032197
-0.032197
-0.032197
-0.032197
-0.032197
-0.032197
-0.009931
-0.009931
-0.009931
-0.009931
-0.009931
-0.009931
-0.009931
-0.009931
-0.009931
-0.009931
-0.009931
-0.17317
-0.17317
-0.17317
-0.17317
-0.17317
-0.17317
-0.17317
-0.17317
-0.17317
-0.17317
-0.17317
0
0
0
0
0
0
0
0
0
0
0
0
0
0
0
0
0
0
0
0
0
0
0.015525
0.015525
0.015525
0.015525
0.015525
0.015525
0.015525
0.015525
0.015525
0.015525
0.015525
0.051717
0.051717
0.051717
0.051717
0.051717
0.051717
0.051717
0.051717
0.051717
0.051717
0.051717
0
0
0
0
0
0
0
0
0
0
0
0.060271
0.060271
0.060271
0.060271
0.060271
0.060271
0.060271
0.060271
0.060271
0.060271
0.060271
-0.11743
-0.11743
-0.11743
-0.11743
-0.11743
-0.11743
-0.11743
-0.11743
-0.11743
-0.11743
-0.11743
0.06332
0.06332
0.06332
0.06332
0.06332
0.06332
0.06332
0.06332
0.06332
0.06332
0.06332
-0.15285
-0.15285
-0.15285
-0.15285
-0.15285
-0.15285
-0.15285
-0.15285
-0.15285
-0.15285
-0.15285
-0.054306
-0.054306
-0.054306
-0.054306
-0.054306
-0.054306
-0.054306
-0.054306
-0.054306
-0.054306
-0.054306
0.091984
0.091984
0.091984
0.091984
0.091984
0.091984
0.091984
0.091984
0.091984
0.091984
0.091984
-0.081766
-0.081766
-0.081766
-0.081766
-0.081766
-0.081766
-0.081766
-0.081766
-0.081766
-0.081766
-0.081766
0.00062891
0.00062891
0.00062891
0.00062891
0.00062891
0.00062891
0.00062891
0.00062891
0.00062891
0.00062891
0.00062891
0.042945
0.042945
0.042945
0.042945
0.042945
0.042945
0.042945
0.042945
0.042945
0.042945
0.042945
0
0
0
0
0
0
0
0
0
0
0
-0.059635
-0.059635
-0.059635
-0.059635
-0.059635
-0.059635
-0.059635
-0.059635
-0.059635
-0.059635
-0.059635
-0.068785
-0.068785
-0.068785
-0.068785
-0.068785
-0.068785
-0.068785
-0.068785
-0.068785
-0.068785
-0.068785
0.091785
0.091785
0.091785
0.091785
0.091785
0.091785
0.091785
0.091785
0.091785
0.091785
0.091785
-0.010388
-0.010388
-0.010388
-0.010388
-0.010388
-0.010388
-0.010388
-0.010388
-0.010388
-0.010388
-0.010388
0.049504
0.049504
0.049504
0.049504
0.049504
0.049504
0.049504
0.049504
0.049504
0.049504
0.049504
0
0
0
0
0
0
0
0
0
0
0
-0.066157
-0.066157
-0.066157
-0.066157
-0.066157
-0.066157
-0.066157
-0.066157
-0.066157
-0.066157
-0.066157
0
0
0
0
0
0
0
0
0
0
0
-0
-0
-0
-0
-0
-0
-0
-0
-0
-0
-0
-0.0040207
-0.0040207
-0.0040207
-0.0040207
-0.0040207
-0.0040207
-0.0040207
-0.0040207
-0.0040207
-0.0040207
-0.0040207
-0.21725
-0.21725
-0.21725
-0.21725
-0.21725
-0.21725
-0.21725
-0.21725
-0.21725
-0.21725
-0.21725
0
0
0
0
0
0
0
0
0
0
0
0.034513
0.034513
0.034513
0.034513
0.034513
0.034513
0.034513
0.034513
0.034513
0.034513
0.034513
-0
-0
-0
-0
-0
-0
-0
-0
-0
-0
-0
-0
-0
-0
-0
-0
-0
-0
-0
-0
-0
-0
-0.076927
-0.076927
-0.076927
-0.076927
-0.076927
-0.076927
-0.076927
-0.076927
-0.076927
-0.076927
-0.076927
-0.15033
-0.15033
-0.15033
-0.15033
-0.15033
-0.15033
-0.15033
-0.15033
-0.15033
-0.15033
-0.15033
-0.050141
-0.050141
-0.050141
-0.050141
-0.050141
-0.050141
-0.050141
-0.050141
-0.050141
-0.050141
-0.050141
0.046562
0.046562
0.046562
0.046562
0.046562
0.046562
0.046562
0.046562
0.046562
0.046562
0.046562
0.30009
0.30009
0.30009
0.30009
0.30009
0.30009
0.30009
0.30009
0.30009
0.30009
0.30009
-0
-0
-0
-0
-0
-0
-0
-0
-0
-0
-0
-0.073285
-0.073285
-0.073285
-0.073285
-0.073285
-0.073285
-0.073285
-0.073285
-0.073285
-0.073285
-0.073285
-0
-0
-0
-0
-0
-0
-0
-0
-0
-0
-0
0
0
0
0
0
0
0
0
0
0
0
0
0
0
0
0
0
0
0
0
0
0
-0.038136
-0.038136
-0.038136
-0.038136
-0.038136
-0.038136
-0.038136
-0.038136
-0.038136
-0.038136
-0.038136
-0.046109
-0.046109
-0.046109
-0.046109
-0.046109
-0.046109
-0.046109
-0.046109
-0.046109
-0.046109
-0.046109
0
0
0
0
0
0
0
0
0
0
0
-0
-0
-0
-0
-0
-0
-0
-0
-0
-0
-0
-0.040911
-0.040911
-0.040911
-0.040911
-0.040911
-0.040911
-0.040911
-0.040911
-0.040911
-0.040911
-0.040911
-0.010713
-0.010713
-0.010713
-0.010713
-0.010713
-0.010713
-0.010713
-0.010713
-0.010713
-0.010713
-0.010713
0.30475
0.30475
0.30475
0.30475
0.30475
0.30475
0.30475
0.30475
0.30475
0.30475
0.30475
0.15068
0.15068
0.15068
0.15068
0.15068
0.15068
0.15068
0.15068
0.15068
0.15068
0.15068
0.078582
0.078582
0.078582
0.078582
0.078582
0.078582
0.078582
0.078582
0.078582
0.078582
0.078582
-0.22246
-0.22246
-0.22246
-0.22246
-0.22246
-0.22246
-0.22246
-0.22246
-0.22246
-0.22246
-0.22246
0.0015118
0.0015118
0.0015118
0.0015118
0.0015118
0.0015118
0.0015118
0.0015118
0.0015118
0.0015118
0.0015118
0
0
0
0
0
0
0
0
0
0
0
-0
-0
-0
-0
-0
-0
-0
-0
-0
-0
-0
0.098623
0.098623
0.098623
0.098623
0.098623
0.098623
0.098623
0.098623
0.098623
0.098623
0.098623
0
0
0
0
0
0
0
0
0
0
0
0
0
0
0
0
0
0
0
0
0
0
-0
-0
-0
-0
-0
-0
-0
-0
-0
-0
-0
-0
-0
-0
-0
-0
-0
-0
-0
-0
-0
-0
0
0
0
0
0
0
0
0
0
0
0
0.093454
0.093454
0.093454
0.093454
0.093454
0.093454
0.093454
0.093454
0.093454
0.093454
0.093454
0.038426
0.038426
0.038426
0.038426
0.038426
0.038426
0.038426
0.038426
0.038426
0.038426
0.038426
0
0
0
0
0
0
0
0
0
0
0
0.031222
0.031222
0.031222
0.031222
0.031222
0.031222
0.031222
0.031222
0.031222
0.031222
0.031222
-0
-0
-0
-0
-0
-0
-0
-0
-0
-0
-0
-0.10333
-0.10333
-0.10333
-0.10333
-0.10333
-0.10333
-0.10333
-0.10333
-0.10333
-0.10333
-0.10333
-0.020794
-0.020794
-0.020794
-0.020794
-0.020794
-0.020794
-0.020794
-0.020794
-0.020794
-0.020794
-0.020794
-0
-0
-0
-0
-0
-0
-0
-0
-0
-0
-0
-0.037372
-0.037372
-0.037372
-0.037372
-0.037372
-0.037372
-0.037372
-0.037372
-0.037372
-0.037372
-0.037372
0.12161
0.12161
0.12161
0.12161
0.12161
0.12161
0.12161
0.12161
0.12161
0.12161
0.12161
-0.010306
-0.010306
-0.010306
-0.010306
-0.010306
-0.010306
-0.010306
-0.010306
-0.010306
-0.010306
-0.010306
-0.020572
-0.020572
-0.020572
-0.020572
-0.020572
-0.020572
-0.020572
-0.020572
-0.020572
-0.020572
-0.020572
-0.026557
-0.026557
-0.026557
-0.026557
-0.026557
-0.026557
-0.026557
-0.026557
-0.026557
-0.026557
-0.026557
0.022124
0.022124
0.022124
0.022124
0.022124
0.022124
0.022124
0.022124
0.022124
0.022124
0.022124
-0
-0
-0
-0
-0
-0
-0
-0
-0
-0
-0
0.042342
0.042342
0.042342
0.042342
0.042342
0.042342
0.042342
0.042342
0.042342
0.042342
0.042342
0
0
0
0
0
0
0
0
0
0
0
0
0
0
0
0
0
0
0
0
0
0
0.10383
0.10383
0.10383
0.10383
0.10383
0.10383
0.10383
0.10383
0.10383
0.10383
0.10383
0.12802
0.12802
0.12802
0.12802
0.12802
0.12802
0.12802
0.12802
0.12802
0.12802
0.12802
-0.14515
-0.14515
-0.14515
-0.14515
-0.14515
-0.14515
-0.14515
-0.14515
-0.14515
-0.14515
-0.14515
0.071659
0.071659
0.071659
0.071659
0.071659
0.071659
0.071659
0.071659
0.071659
0.071659
0.071659
-0
-0
-0
-0
-0
-0
-0
-0
-0
-0
-0
-0
-0
-0
-0
-0
-0
-0
-0
-0
-0
-0
-0.050793
-0.050793
-0.050793
-0.050793
-0.050793
-0.050793
-0.050793
-0.050793
-0.050793
-0.050793
-0.050793
0.088219
0.088219
0.088219
0.088219
0.088219
0.088219
0.088219
0.088219
0.088219
0.088219
0.088219
0.08274
0.08274
0.08274
0.08274
0.08274
0.08274
0.08274
0.08274
0.08274
0.08274
0.08274
-0.0044129
-0.0044129
-0.0044129
-0.0044129
-0.0044129
-0.0044129
-0.0044129
-0.0044129
-0.0044129
-0.0044129
-0.0044129
0
0
0
0
0
0
0
0
0
0
0
-0.051766
-0.051766
-0.051766
-0.051766
-0.051766
-0.051766
-0.051766
-0.051766
-0.051766
-0.051766
-0.051766
-0
-0
-0
-0
-0
-0
-0
-0
-0
-0
-0
0.036322
0.036322
0.036322
0.036322
0.036322
0.036322
0.036322
0.036322
0.036322
0.036322
0.036322
0.14805
0.14805
0.14805
0.14805
0.14805
0.14805
0.14805
0.14805
0.14805
0.14805
0.14805
-0.017669
-0.017669
-0.017669
-0.017669
-0.017669
-0.017669
-0.017669
-0.017669
-0.017669
-0.017669
-0.017669
0
0
0
0
0
0
0
0
0
0
0
-0.10038
-0.10038
-0.10038
-0.10038
-0.10038
-0.10038
-0.10038
-0.10038
-0.10038
-0.10038
-0.10038
-0
-0
-0
-0
-0
-0
-0
-0
-0
-0
-0
-0
-0
-0
-0
-0
-0
-0
-0
-0
-0
-0
-0
-0
-0
-0
-0
-0
-0
-0
-0
-0
-0
0.060958
0.060958
0.060958
0.060958
0.060958
0.060958
0.060958
0.060958
0.060958
0.060958
0.060958
-0.1101
-0.1101
-0.1101
-0.1101
-0.1101
-0.1101
-0.1101
-0.1101
-0.1101
-0.1101
-0.1101
-0.053077
-0.053077
-0.053077
-0.053077
-0.053077
-0.053077
-0.053077
-0.053077
-0.053077
-0.053077
-0.053077
0.14113
0.14113
0.14113
0.14113
0.14113
0.14113
0.14113
0.14113
0.14113
0.14113
0.14113
-0.058381
-0.058381
-0.058381
-0.058381
-0.058381
-0.058381
-0.058381
-0.058381
-0.058381
-0.058381
-0.058381
-0.065226
-0.065226
-0.065226
-0.065226
-0.065226
-0.065226
-0.065226
-0.065226
-0.065226
-0.065226
-0.065226
0.030977
0.030977
0.030977
0.030977
0.030977
0.030977
0.030977
0.030977
0.030977
0.030977
0.030977
-0.084423
-0.084423
-0.084423
-0.084423
-0.084423
-0.084423
-0.084423
-0.084423
-0.084423
-0.084423
-0.084423
-0.041613
-0.041613
-0.041613
-0.041613
-0.041613
-0.041613
-0.041613
-0.041613
-0.041613
-0.041613
-0.041613
0
0
0
0
0
0
0
0
0
0
0
0
0
0
0
0
0
0
0
0
0
0
-0.097841
-0.097841
-0.097841
-0.097841
-0.097841
-0.097841
-0.097841
-0.097841
-0.097841
-0.097841
-0.097841
-0.0072271
-0.0072271
-0.0072271
-0.0072271
-0.0072271
-0.0072271
-0.0072271
-0.0072271
-0.0072271
-0.0072271
-0.0072271
0.027913
0.027913
0.027913
0.027913
0.027913
0.027913
0.027913
0.027913
0.027913
0.027913
0.027913
-0
-0
-0
-0
-0
-0
-0
-0
-0
-0
-0
0
0
0
0
0
0
0
0
0
0
0
-0
-0
-0
-0
-0
-0
-0
-0
-0
-0
-0
0
0
0
0
0
0
0
0
0
0
0
-0
-0
-0
-0
-0
-0
-0
-0
-0
-0
-0
0.0059353
0.0059353
0.0059353
0.0059353
0.0059353
0.0059353
0.0059353
0.0059353
0.0059353
0.0059353
0.0059353
-0
-0
-0
-0
-0
-0
-0
-0
-0
-0
-0
0.073
0.073
0.073
0.073
0.073
0.073
0.073
0.073
0.073
0.073
0.073
0.044327
0.044327
0.044327
0.044327
0.044327
0.044327
0.044327
0.044327
0.044327
0.044327
0.044327
0
0
0
0
0
0
0
0
0
0
0
0
0
0
0
0
0
0
0
0
0
0
-0.13918
-0.13918
-0.13918
-0.13918
-0.13918
-0.13918
-0.13918
-0.13918
-0.13918
-0.13918
-0.13918
-0
-0
-0
-0
-0
-0
-0
-0
-0
-0
-0
0
0
0
0
0
0
0
0
0
0
0
-0
-0
-0
-0
-0
-0
-0
-0
-0
-0
-0
0.22907
0.22907
0.22907
0.22907
0.22907
0.22907
0.22907
0.22907
0.22907
0.22907
0.22907
0
0
0
0
0
0
0
0
0
0
0
-0
-0
-0
-0
-0
-0
-0
-0
-0
-0
-0
-0
-0
-0
-0
-0
-0
-0
-0
-0
-0
-0
-0
-0
-0
-0
-0
-0
-0
-0
-0
-0
-0
-0
-0
-0
-0
-0
-0
-0
-0
-0
-0
-0
-0
-0
-0
-0
-0
-0
-0
-0
-0
-0
-0
-0.11253
-0.11253
-0.11253
-0.11253
-0.11253
-0.11253
-0.11253
-0.11253
-0.11253
-0.11253
-0.11253
0.20635
0.20635
0.20635
0.20635
0.20635
0.20635
0.20635
0.20635
0.20635
0.20635
0.20635
0.064794
0.064794
0.064794
0.064794
0.064794
0.064794
0.064794
0.064794
0.064794
0.064794
0.064794
