
                            < M A T L A B (R) >
                  Copyright 1984-2015 The MathWorks, Inc.
                   R2015a (8.5.0.197613) 64-bit (maci64)
                             February 12, 2015

 
To get started, type one of these: helpwin, helpdesk, or demo.
For product information, visit www.mathworks.com.
 

	Academic License

>> >> >> >> >> >> >> >> >> >> >> >> >> >> >> >> >> >> >> >> >> >> >> >> >> >> >> >> >> >> >> >> >> >> >> >> >> >> >> >> >> >> 109 111
funVal is 340.94931621.
131 133
funVal is 340.94931621.
166 168
funVal is 340.94931621.
186 188
194 196
194 196
195 197
195 197
191 193
196 198
198 200
193 195
195 197
194 196
198 200
195 197
190 192
193 195
196 198
197 199
194 196
195 197
193 195
196 198
196 198
196 198
195 197
196 198
196 198
196 198
195 197
196 198
195 197
195 197
funVal is 297.29637791.
223 225
223 225
223 225
226 228
230 232
201 203
199 201
200 202
200 202
199 201
198 200
199 201
200 202
199 201
199 201
200 202
199 201
199 201
200 202
200 202
199 201
199 201
200 202
200 202
200 202
200 202
199 201
200 202
200 202
200 202
200 202
200 202
199 201
198 200
198 200
199 201
200 202
200 202
198 200
199 201
200 202
200 202
199 201
198 200
198 200
199 201
199 201
199 201
199 201
199 201
198 200
198 200
funVal is 224.36485617.
522 524
522 524
522 524
585 587
585 587
280 282
223 225
204 206
199 201
198 200
200 202
200 202
199 201
200 202
200 202
200 202
199 201
198 200
198 200
199 201
199 201
198 200
200 202
200 202
200 202
199 201
199 201
199 201
199 201
199 201
199 201
199 201
200 202
199 201
199 201
200 202
199 201
200 202
200 202
200 202
198 200
200 202
199 201
200 202
200 202
199 201
200 202
200 202
200 202
199 201
197 199
197 199
199 201
199 201
200 202
200 202
200 202
200 202
200 202
200 202
200 202
200 202
200 202
200 202
funVal is 152.97409611.
682 684
813 815
933 935
1099 1101
1099 1101
1155 1157
984 986
757 759
557 559
439 441
343 345
287 289
258 260
233 235
216 218
206 208
203 205
202 204
202 204
201 203
200 202
200 202
200 202
200 202
200 202
200 202
200 202
200 202
200 202
200 202
200 202
200 202
200 202
200 202
200 202
200 202
199 201
199 201
200 202
200 202
200 202
200 202
200 202
200 202
200 202
200 202
200 202
200 202
200 202
200 202
199 201
200 202
200 202
200 202
200 202
200 202
200 202
200 202
200 202
200 202
200 202
200 202
200 202
200 202
200 202
200 202
200 202
200 202
200 202
200 202
200 202
200 202
200 202
200 202
200 202
200 202
200 202
200 202
200 202
200 202
200 202
200 202
200 202
200 202
200 202
200 202
200 202
200 202
200 202
200 202
200 202
200 202
200 202
200 202
200 202
200 202
200 202
200 202
200 202
200 202
200 202
200 202
200 202
200 202
200 202
200 202
200 202
200 202
200 202
200 202
200 202
200 202
200 202
200 202
200 202
funVal is 99.52716550.
1002 1004
1184 1186
1379 1381
1591 1593
1591 1593
1591 1593
1545 1547
1395 1397
1207 1209
974 976
789 791
636 638
519 521
433 435
382 384
330 332
286 288
261 263
243 245
225 227
223 225
218 220
213 215
210 212
209 211
210 212
210 212
209 211
209 211
209 211
210 212
209 211
209 211
210 212
209 211
209 211
209 211
209 211
209 211
209 211
208 210
208 210
208 210
208 210
208 210
208 210
208 210
208 210
208 210
208 210
208 210
208 210
208 210
208 210
208 210
208 210
209 211
209 211
209 211
209 211
208 210
208 210
208 210
208 210
208 210
208 210
208 210
208 210
208 210
208 210
208 210
208 210
208 210
208 210
208 210
208 210
208 210
208 210
208 210
208 210
208 210
208 210
208 210
208 210
208 210
208 210
208 210
208 210
208 210
208 210
208 210
208 210
208 210
208 210
208 210
208 210
208 210
208 210
208 210
208 210
208 210
208 210
208 210
208 210
208 210
208 210
208 210
208 210
208 210
208 210
208 210
208 210
208 210
208 210
208 210
208 210
208 210
208 210
208 210
208 210
208 210
208 210
208 210
208 210
208 210
208 210
208 210
208 210
208 210
208 210
208 210
208 210
208 210
208 210
208 210
208 210
208 210
208 210
funVal is 63.65598306.
1682 1684
1682 1684
1682 1684
1809 1811
1809 1811
1809 1811
1855 1857
1839 1841
1766 1768
1634 1636
1443 1445
1244 1246
1087 1089
924 926
805 807
687 689
613 615
542 544
490 492
436 438
401 403
381 383
358 360
329 331
310 312
294 296
278 280
278 280
277 279
278 280
274 276
273 275
269 271
263 265
264 266
263 265
264 266
263 265
264 266
264 266
264 266
267 269
264 266
263 265
261 263
261 263
260 262
262 264
260 262
261 263
265 267
265 267
264 266
263 265
263 265
264 266
264 266
263 265
265 267
264 266
265 267
266 268
266 268
264 266
266 268
266 268
266 268
266 268
266 268
265 267
264 266
264 266
262 264
261 263
260 262
261 263
261 263
259 261
262 264
262 264
261 263
262 264
262 264
263 265
263 265
263 265
262 264
262 264
263 265
262 264
262 264
263 265
263 265
262 264
263 265
263 265
263 265
263 265
264 266
264 266
263 265
264 266
263 265
264 266
264 266
262 264
262 264
262 264
262 264
263 265
263 265
263 265
263 265
262 264
263 265
263 265
263 265
263 265
262 264
263 265
262 264
263 265
263 265
263 265
263 265
263 265
263 265
261 263
262 264
262 264
262 264
262 264
262 264
262 264
261 263
262 264
262 264
262 264
262 264
263 265
263 265
263 265
262 264
261 263
263 265
263 265
263 265
262 264
263 265
263 265
263 265
263 265
263 265
263 265
264 266
263 265
263 265
264 266
264 266
264 266
262 264
264 266
264 266
264 266
264 266
264 266
264 266
264 266
264 266
263 265
263 265
263 265
263 265
263 265
262 264
263 265
263 265
262 264
263 265
261 263
262 264
263 265
262 264
262 264
263 265
263 265
263 265
262 264
262 264
263 265
funVal is 40.44660321.
1890 1892
1890 1892
1890 1892
1948 1950
1976 1978
1991 1993
2015 2017
2030 2032
2032 2034
2005 2007
1939 1941
1821 1823
1709 1711
1542 1544
1405 1407
1262 1264
1139 1141
1039 1041
964 966
894 896
811 813
752 754
724 726
664 666
630 632
585 587
557 559
545 547
516 518
480 482
481 483
472 474
453 455
445 447
442 444
438 440
443 445
428 430
422 424
419 421
416 418
407 409
396 398
390 392
389 391
385 387
379 381
385 387
381 383
383 385
378 380
376 378
373 375
371 373
372 374
367 369
370 372
370 372
368 370
371 373
373 375
370 372
367 369
369 371
371 373
369 371
370 372
369 371
372 374
373 375
372 374
371 373
371 373
372 374
372 374
371 373
371 373
371 373
373 375
370 372
367 369
366 368
368 370
368 370
371 373
371 373
368 370
369 371
369 371
370 372
370 372
370 372
369 371
370 372
371 373
371 373
372 374
371 373
373 375
373 375
372 374
373 375
372 374
370 372
371 373
371 373
368 370
370 372
371 373
370 372
371 373
371 373
372 374
373 375
371 373
370 372
371 373
370 372
370 372
367 369
369 371
368 370
369 371
368 370
367 369
368 370
367 369
366 368
365 367
367 369
368 370
368 370
368 370
368 370
366 368
369 371
369 371
369 371
368 370
369 371
369 371
368 370
369 371
368 370
369 371
370 372
368 370
369 371
370 372
369 371
369 371
369 371
370 372
370 372
370 372
369 371
369 371
370 372
369 371
370 372
370 372
370 372
370 372
370 372
369 371
370 372
369 371
369 371
370 372
367 369
369 371
368 370
369 371
368 370
369 371
369 371
368 370
369 371
369 371
368 370
368 370
369 371
369 371
368 370
368 370
368 370
369 371
368 370
367 369
368 370
368 370
368 370
366 368
367 369
368 370
368 370
367 369
368 370
368 370
368 370
368 370
366 368
368 370
368 370
368 370
367 369
367 369
368 370
368 370
368 370
368 370
368 370
368 370
368 370
368 370
368 370
368 370
368 370
367 369
368 370
367 369
368 370
367 369
368 370
367 369
366 368
367 369
368 370
368 370
368 370
368 370
368 370
368 370
368 370
368 370
368 370
funVal is 25.43984871.
1947 1949
2045 2047
2045 2047
2073 2075
2073 2075
2081 2083
2104 2106
2117 2119
2127 2129
2137 2139
2115 2117
2095 2097
2047 2049
2012 2014
1945 1947
1819 1821
1710 1712
1596 1598
1514 1516
1431 1433
1338 1340
1269 1271
1191 1193
1143 1145
1077 1079
1035 1037
998 1000
927 929
925 927
868 870
830 832
801 803
777 779
758 760
712 714
717 719
704 706
704 706
684 686
681 683
660 662
652 654
635 637
619 621
610 612
597 599
584 586
582 584
566 568
567 569
544 546
531 533
535 537
515 517
515 517
505 507
499 501
494 496
473 475
473 475
470 472
463 465
459 461
459 461
455 457
451 453
450 452
460 462
455 457
454 456
452 454
459 461
457 459
457 459
460 462
463 465
463 465
467 469
467 469
465 467
460 462
460 462
459 461
460 462
460 462
455 457
455 457
452 454
451 453
450 452
450 452
445 447
442 444
442 444
442 444
440 442
441 443
442 444
444 446
442 444
440 442
438 440
438 440
437 439
438 440
443 445
443 445
441 443
441 443
443 445
440 442
440 442
439 441
441 443
443 445
443 445
446 448
442 444
445 447
443 445
444 446
447 449
447 449
444 446
445 447
446 448
447 449
448 450
446 448
445 447
443 445
442 444
443 445
442 444
441 443
439 441
439 441
440 442
438 440
438 440
437 439
437 439
436 438
438 440
439 441
437 439
438 440
440 442
440 442
440 442
439 441
441 443
442 444
442 444
442 444
441 443
442 444
439 441
440 442
440 442
439 441
437 439
439 441
438 440
439 441
439 441
440 442
439 441
437 439
436 438
437 439
436 438
437 439
438 440
437 439
436 438
437 439
436 438
437 439
436 438
436 438
437 439
435 437
436 438
437 439
436 438
437 439
437 439
437 439
435 437
437 439
436 438
437 439
438 440
438 440
438 440
437 439
437 439
437 439
438 440
438 440
438 440
437 439
438 440
438 440
437 439
437 439
438 440
438 440
437 439
438 440
439 441
439 441
438 440
438 440
439 441
439 441
440 442
439 441
440 442
439 441
436 438
438 440
437 439
438 440
437 439
437 439
437 439
437 439
436 438
437 439
436 438
436 438
437 439
439 441
438 440
439 441
439 441
439 441
438 440
438 440
438 440
438 440
438 440
438 440
438 440
439 441
439 441
439 441
439 441
439 441
439 441
440 442
440 442
438 440
439 441
438 440
436 438
436 438
437 439
435 437
436 438
437 439
437 439
437 439
437 439
437 439
437 439
436 438
437 439
436 438
435 437
435 437
435 437
435 437
436 438
437 439
435 437
437 439
435 437
436 438
436 438
434 436
437 439
436 438
436 438
437 439
438 440
437 439
438 440
435 437
438 440
438 440
437 439
436 438
437 439
438 440
437 439
438 440
437 439
437 439
437 439
437 439
438 440
437 439
437 439
437 439
435 437
438 440
438 440
438 440
438 440
438 440
438 440
438 440
440 442
440 442
440 442
440 442
440 442
439 441
440 442
439 441
438 440
436 438
438 440
438 440
438 440
438 440
438 440
437 439
438 440
438 440
437 439
435 437
438 440
438 440
437 439
438 440
438 440
438 440
438 440
436 438
437 439
437 439
437 439
438 440
438 440
438 440
436 438
438 440
437 439
438 440
437 439
437 439
438 440
437 439
437 439
438 440
438 440
437 439
437 439
438 440
437 439
438 440
436 438
437 439
438 440
438 440
436 438
438 440
437 439
439 441
439 441
439 441
439 441
437 439
439 441
438 440
439 441
439 441
439 441
439 441
439 441
439 441
439 441
439 441
438 440
437 439
438 440
436 438
435 437
436 438
435 437
435 437
434 436
436 438
436 438
436 438
434 436
436 438
435 437
435 437
436 438
funVal is 15.70610088.
2057 2059
2094 2096
2115 2117
2115 2117
2126 2128
2126 2128
2149 2151
2150 2152
2153 2155
2169 2171
2162 2164
2152 2154
2159 2161
2140 2142
2111 2113
2102 2104
2066 2068
2004 2006
1970 1972
1894 1896
1831 1833
1719 1721
1675 1677
1610 1612
1550 1552
1512 1514
1489 1491
1406 1408
1371 1373
1332 1334
1289 1291
1228 1230
1221 1223
1210 1212
1161 1163
1134 1136
1099 1101
1083 1085
1048 1050
1021 1023
989 991
981 983
945 947
931 933
887 889
874 876
868 870
866 868
875 877
833 835
811 813
807 809
786 788
778 780
765 767
751 753
752 754
743 745
717 719
696 698
695 697
686 688
667 669
658 660
651 653
643 645
627 629
617 619
624 626
614 616
607 609
602 604
586 588
586 588
575 577
571 573
560 562
561 563
561 563
559 561
545 547
552 554
539 541
537 539
535 537
533 535
532 534
530 532
530 532
528 530
525 527
515 517
516 518
512 514
510 512
507 509
507 509
509 511
503 505
503 505
499 501
505 507
504 506
504 506
502 504
502 504
503 505
501 503
506 508
501 503
501 503
498 500
501 503
503 505
503 505
503 505
499 501
497 499
488 490
489 491
485 487
483 485
481 483
476 478
479 481
481 483
480 482
478 480
480 482
483 485
482 484
483 485
487 489
481 483
482 484
481 483
480 482
483 485
485 487
487 489
490 492
493 495
492 494
490 492
488 490
489 491
489 491
490 492
490 492
492 494
489 491
490 492
488 490
486 488
485 487
478 480
481 483
482 484
483 485
482 484
485 487
482 484
483 485
479 481
479 481
481 483
478 480
479 481
478 480
479 481
480 482
480 482
480 482
479 481
477 479
479 481
477 479
475 477
478 480
476 478
477 479
475 477
476 478
477 479
476 478
477 479
478 480
478 480
472 474
473 475
473 475
474 476
475 477
478 480
478 480
477 479
474 476
478 480
477 479
478 480
480 482
478 480
477 479
477 479
475 477
474 476
472 474
471 473
474 476
477 479
479 481
479 481
480 482
479 481
480 482
481 483
481 483
481 483
480 482
479 481
479 481
481 483
480 482
478 480
481 483
477 479
480 482
481 483
480 482
481 483
479 481
481 483
482 484
479 481
479 481
479 481
480 482
479 481
481 483
482 484
481 483
480 482
480 482
482 484
481 483
481 483
478 480
475 477
477 479
476 478
479 481
478 480
477 479
476 478
477 479
479 481
478 480
480 482
478 480
479 481
478 480
478 480
479 481
477 479
476 478
477 479
477 479
478 480
478 480
477 479
476 478
477 479
477 479
476 478
477 479
476 478
475 477
475 477
474 476
474 476
473 475
474 476
474 476
471 473
473 475
471 473
471 473
472 474
473 475
471 473
471 473
473 475
473 475
474 476
474 476
474 476
472 474
468 470
473 475
472 474
474 476
473 475
475 477
474 476
475 477
472 474
474 476
476 478
474 476
475 477
474 476
473 475
473 475
474 476
475 477
475 477
474 476
475 477
473 475
476 478
476 478
477 479
477 479
477 479
477 479
478 480
476 478
474 476
474 476
476 478
473 475
476 478
476 478
475 477
474 476
474 476
475 477
475 477
476 478
476 478
476 478
476 478
474 476
476 478
476 478
475 477
475 477
476 478
476 478
475 477
475 477
477 479
475 477
477 479
476 478
478 480
478 480
478 480
476 478
477 479
477 479
478 480
478 480
477 479
478 480
478 480
477 479
477 479
477 479
478 480
478 480
478 480
478 480
477 479
478 480
478 480
477 479
476 478
476 478
funVal is 9.52760827.
2145 2147
2145 2147
2145 2147
2148 2150
2149 2151
2149 2151
2170 2172
2171 2173
2176 2178
2178 2180
2177 2179
2186 2188
2180 2182
2184 2186
2177 2179
2172 2174
2155 2157
2119 2121
2133 2135
2111 2113
2091 2093
2062 2064
2039 2041
1999 2001
1949 1951
1908 1910
1872 1874
1842 1844
1797 1799
1769 1771
1730 1732
1691 1693
1650 1652
1632 1634
1596 1598
1559 1561
1540 1542
1523 1525
1494 1496
1454 1456
1446 1448
1428 1430
1368 1370
1342 1344
1332 1334
1303 1305
1296 1298
1252 1254
1252 1254
1236 1238
1209 1211
1184 1186
1170 1172
1160 1162
1131 1133
1111 1113
1082 1084
1065 1067
1046 1048
1032 1034
1029 1031
1015 1017
990 992
981 983
971 973
949 951
941 943
946 948
934 936
921 923
932 934
914 916
892 894
887 889
864 866
865 867
851 853
824 826
797 799
797 799
781 783
761 763
746 748
743 745
748 750
742 744
730 732
723 725
719 721
713 715
718 720
700 702
690 692
692 694
698 700
690 692
672 674
676 678
664 666
656 658
640 642
626 628
628 630
608 610
607 609
606 608
594 596
597 599
587 589
596 598
586 588
587 589
583 585
582 584
573 575
566 568
565 567
560 562
561 563
558 560
555 557
566 568
570 572
572 574
570 572
564 566
572 574
569 571
572 574
574 576
572 574
573 575
570 572
564 566
562 564
564 566
562 564
563 565
563 565
562 564
557 559
552 554
547 549
546 548
545 547
541 543
539 541
541 543
535 537
535 537
537 539
534 536
536 538
535 537
528 530
529 531
534 536
530 532
526 528
529 531
524 526
530 532
526 528
526 528
522 524
521 523
523 525
524 526
524 526
526 528
527 529
529 531
531 533
525 527
526 528
525 527
525 527
522 524
522 524
520 522
518 520
518 520
521 523
521 523
518 520
516 518
522 524
523 525
524 526
523 525
518 520
523 525
524 526
522 524
526 528
528 530
525 527
524 526
526 528
522 524
523 525
520 522
520 522
518 520
522 524
520 522
519 521
520 522
520 522
517 519
512 514
519 521
517 519
516 518
516 518
516 518
516 518
513 515
513 515
511 513
511 513
511 513
511 513
510 512
510 512
508 510
506 508
507 509
505 507
504 506
506 508
506 508
507 509
506 508
505 507
505 507
504 506
503 505
503 505
503 505
505 507
507 509
506 508
508 510
508 510
510 512
512 514
513 515
514 516
512 514
511 513
511 513
511 513
507 509
509 511
510 512
510 512
510 512
510 512
509 511
508 510
510 512
510 512
508 510
508 510
506 508
506 508
507 509
508 510
508 510
510 512
509 511
510 512
510 512
510 512
510 512
509 511
508 510
510 512
510 512
511 513
510 512
511 513
511 513
512 514
510 512
512 514
511 513
512 514
513 515
512 514
513 515
514 516
515 517
514 516
515 517
512 514
512 514
510 512
510 512
509 511
509 511
509 511
508 510
507 509
504 506
505 507
506 508
504 506
503 505
503 505
504 506
502 504
500 502
502 504
501 503
502 504
504 506
505 507
500 502
505 507
505 507
505 507
506 508
506 508
506 508
505 507
507 509
507 509
505 507
503 505
503 505
502 504
502 504
502 504
504 506
504 506
502 504
502 504
502 504
501 503
501 503
500 502
501 503
502 504
501 503
503 505
503 505
502 504
503 505
503 505
502 504
504 506
502 504
505 507
503 505
501 503
503 505
502 504
501 503
502 504
503 505
502 504
503 505
504 506
503 505
502 504
501 503
500 502
502 504
502 504
501 503
502 504
502 504
funVal is 5.71148318.
2165 2167
2165 2167
2165 2167
2167 2169
2167 2169
2167 2169
2182 2184
2190 2192
2191 2193
2181 2183
2190 2192
2189 2191
2185 2187
2190 2192
2189 2191
2192 2194
2186 2188
2172 2174
2170 2172
2169 2171
2159 2161
2148 2150
2151 2153
2151 2153
2136 2138
2133 2135
2120 2122
2103 2105
2097 2099
2062 2064
2022 2024
2010 2012
1958 1960
1951 1953
1926 1928
1902 1904
1892 1894
1868 1870
1848 1850
1811 1813
1800 1802
1780 1782
1776 1778
1742 1744
1706 1708
1709 1711
1688 1690
1656 1658
1642 1644
1637 1639
1625 1627
1599 1601
1592 1594
1580 1582
1546 1548
1534 1536
1523 1525
1493 1495
1491 1493
1461 1463
1450 1452
1438 1440
1429 1431
1418 1420
1426 1428
1398 1400
1389 1391
1357 1359
1340 1342
1319 1321
1294 1296
1283 1285
1271 1273
1274 1276
1259 1261
1238 1240
1229 1231
1217 1219
1226 1228
1198 1200
1191 1193
1186 1188
1171 1173
1163 1165
1154 1156
1152 1154
1128 1130
1128 1130
1121 1123
1109 1111
1081 1083
1070 1072
1054 1056
1047 1049
1057 1059
1037 1039
1007 1009
997 999
989 991
951 953
949 951
959 961
942 944
930 932
928 930
917 919
890 892
883 885
873 875
870 872
856 858
849 851
831 833
835 837
830 832
808 810
811 813
812 814
806 808
793 795
798 800
792 794
791 793
781 783
782 784
760 762
757 759
756 758
745 747
742 744
736 738
733 735
721 723
715 717
707 709
706 708
702 704
682 684
669 671
675 677
668 670
653 655
652 654
649 651
647 649
640 642
645 647
631 633
628 630
640 642
635 637
636 638
633 635
627 629
629 631
628 630
634 636
638 640
632 634
636 638
630 632
625 627
630 632
624 626
625 627
625 627
619 621
620 622
612 614
610 612
609 611
606 608
598 600
600 602
595 597
588 590
591 593
591 593
584 586
580 582
580 582
580 582
580 582
580 582
575 577
570 572
567 569
565 567
569 571
566 568
567 569
562 564
564 566
566 568
564 566
562 564
553 555
560 562
559 561
565 567
565 567
567 569
567 569
569 571
566 568
562 564
563 565
563 565
559 561
560 562
556 558
552 554
548 550
546 548
548 550
543 545
539 541
538 540
537 539
541 543
545 547
542 544
541 543
542 544
541 543
538 540
538 540
543 545
539 541
537 539
535 537
540 542
538 540
539 541
534 536
535 537
535 537
535 537
537 539
539 541
540 542
540 542
535 537
533 535
536 538
541 543
541 543
540 542
541 543
542 544
540 542
539 541
541 543
539 541
539 541
539 541
539 541
542 544
539 541
540 542
544 546
541 543
540 542
537 539
537 539
540 542
539 541
537 539
536 538
537 539
538 540
539 541
537 539
537 539
537 539
538 540
537 539
533 535
535 537
532 534
531 533
529 531
529 531
530 532
530 532
529 531
526 528
525 527
527 529
526 528
527 529
527 529
526 528
524 526
522 524
524 526
522 524
523 525
522 524
521 523
518 520
516 518
516 518
515 517
515 517
514 516
515 517
516 518
518 520
516 518
516 518
515 517
515 517
515 517
519 521
520 522
520 522
519 521
519 521
514 516
515 517
518 520
520 522
523 525
522 524
524 526
522 524
523 525
523 525
525 527
524 526
525 527
523 525
524 526
521 523
523 525
524 526
523 525
523 525
523 525
523 525
524 526
521 523
520 522
517 519
517 519
515 517
517 519
519 521
516 518
518 520
517 519
514 516
512 514
510 512
510 512
507 509
509 511
512 514
510 512
513 515
514 516
515 517
516 518
516 518
508 510
511 513
509 511
510 512
509 511
511 513
512 514
512 514
513 515
513 515
514 516
513 515
514 516
513 515
514 516
513 515
512 514
512 514
513 515
513 515
512 514
512 514
512 514
511 513
513 515
513 515
512 514
513 515
513 515
513 515
512 514
511 513
512 514
513 515
513 515
513 515
512 514
514 516
513 515
514 516
514 516
513 515
516 518
517 519
517 519
517 519
517 519
519 521
519 521
521 523
521 523
520 522
519 521
519 521
519 521
519 521
519 521
520 522
520 522
518 520
520 522
518 520
518 520
518 520
518 520
518 520
518 520
518 520
518 520
517 519
516 518
517 519
518 520
518 520
519 521
520 522
519 521
518 520
518 520
518 520
517 519
517 519
517 519
515 517
515 517
515 517
515 517
513 515
514 516
514 516
513 515
514 516
516 518
516 518
516 518
516 518
515 517
514 516
514 516
516 518
518 520
518 520
518 520
517 519
517 519
517 519
518 520
518 520
518 520
518 520
517 519
516 518
516 518
516 518
517 519
517 519
517 519
517 519
517 519
517 519
517 519
517 519
517 519
518 520
517 519
517 519
517 519
517 519
516 518
517 519
517 519
517 519
517 519
517 519
518 520
518 520
517 519
517 519
517 519
518 520
517 519
516 518
516 518
514 516
515 517
515 517
515 517
515 517
515 517
514 516
514 516
514 516
514 516
514 516
513 515
513 515
513 515
513 515
513 515
513 515
513 515
513 515
515 517
514 516
515 517
514 516
514 516
514 516
516 518
517 519
517 519
517 519
517 519
517 519
516 518
516 518
516 518
517 519
519 521
519 521
519 521
519 521
519 521
519 521
518 520
517 519
517 519
517 519
517 519
517 519
517 519
517 519
517 519
518 520
518 520
518 520
518 520
518 520
519 521
519 521
518 520
517 519
517 519
515 517
516 518
516 518
516 518
515 517
515 517
515 517
515 517
515 517
515 517
515 517
515 517
515 517
516 518
516 518
516 518
515 517
515 517
515 517
514 516
514 516
514 516
513 515
514 516
514 516
514 516
515 517
515 517
516 518
516 518
515 517
515 517
515 517
515 517
516 518
516 518
516 518
516 518
516 518
516 518
515 517
513 515
513 515
512 514
512 514
511 513
510 512
510 512
510 512
509 511
510 512
510 512
510 512
509 511
509 511
510 512
510 512
510 512
510 512
511 513
512 514
512 514
512 514
512 514
512 514
512 514
512 514
512 514
512 514
511 513
511 513
511 513
512 514
512 514
512 514
512 514
513 515
513 515
513 515
512 514
512 514
512 514
512 514
513 515
513 515
513 515
511 513
511 513
512 514
512 514
512 514
512 514
512 514
512 514
512 514
512 514
512 514
512 514
512 514
512 514
511 513
510 512
511 513
511 513
511 513
511 513
510 512
511 513
512 514
512 514
513 515
512 514
511 513
511 513
511 513
511 513
511 513
511 513
511 513
511 513
511 513
510 512
510 512
510 512
510 512
509 511
510 512
510 512
510 512
510 512
509 511
508 510
508 510
508 510
508 510
508 510
508 510
509 511
508 510
508 510
508 510
508 510
506 508
506 508
507 509
507 509
506 508
506 508
506 508
506 508
506 508
507 509
507 509
507 509
507 509
507 509
507 509
507 509
508 510
508 510
508 510
508 510
508 510
507 509
507 509
507 509
507 509
506 508
506 508
506 508
505 507
507 509
507 509
507 509
507 509
507 509
508 510
509 511
509 511
508 510
509 511
510 512
510 512
510 512
510 512
511 513
511 513
511 513
510 512
511 513
511 513
511 513
511 513
511 513
512 514
511 513
511 513
511 513
511 513
511 513
511 513
511 513
511 513
511 513
511 513
511 513
511 513
511 513
511 513
511 513
510 512
510 512
510 512
511 513
512 514
511 513
510 512
510 512
510 512
511 513
511 513
511 513
511 513
511 513
511 513
511 513
511 513
510 512
510 512
509 511
509 511
509 511
509 511
509 511
509 511
509 511
510 512
510 512
508 510
508 510
508 510
508 510
508 510
508 510
508 510
508 510
508 510
509 511
509 511
509 511
509 511
509 511
509 511
509 511
509 511
509 511
507 509
507 509
508 510
508 510
507 509
507 509
507 509
507 509
507 509
506 508
507 509
507 509
506 508
505 507
506 508
507 509
509 511
509 511
509 511
508 510
508 510
508 510
508 510
509 511
510 512
510 512
511 513
511 513
512 514
513 515
513 515
513 515
513 515
513 515
513 515
513 515
513 515
512 514
512 514
512 514
512 514
512 514
512 514
512 514
512 514
511 513
512 514
512 514
funVal is 3.39754562.
2184 2186
2184 2186
2184 2186
2185 2187
2185 2187
2185 2187
2190 2192
2193 2195
2196 2198
2192 2194
2196 2198
2191 2193
2194 2196
2196 2198
2194 2196
2190 2192
2196 2198
2189 2191
2191 2193
2184 2186
2184 2186
2189 2191
2185 2187
2188 2190
2183 2185
2185 2187
2177 2179
2168 2170
2167 2169
2170 2172
2163 2165
2152 2154
2139 2141
2131 2133
2101 2103
2107 2109
2088 2090
2082 2084
2060 2062
2052 2054
2032 2034
2023 2025
2009 2011
1992 1994
2007 2009
1989 1991
1958 1960
1954 1956
1940 1942
1943 1945
1938 1940
1914 1916
1890 1892
1901 1903
1869 1871
1844 1846
1853 1855
1833 1835
1816 1818
1809 1811
1793 1795
1796 1798
1780 1782
1765 1767
1762 1764
1732 1734
1734 1736
1717 1719
1691 1693
1681 1683
1670 1672
1681 1683
1662 1664
1653 1655
1636 1638
1650 1652
1629 1631
1619 1621
1612 1614
1630 1632
1596 1598
1582 1584
1569 1571
1569 1571
1542 1544
1547 1549
1531 1533
1517 1519
1498 1500
1484 1486
1484 1486
1451 1453
1426 1428
1398 1400
1405 1407
1397 1399
1397 1399
1378 1380
1382 1384
1370 1372
1360 1362
1356 1358
1358 1360
1356 1358
1351 1353
1344 1346
1336 1338
1338 1340
1322 1324
1331 1333
1327 1329
1308 1310
1301 1303
1296 1298
1304 1306
1295 1297
1269 1271
1263 1265
1245 1247
1217 1219
1199 1201
1189 1191
1194 1196
1190 1192
1171 1173
1151 1153
1163 1165
1147 1149
1134 1136
1111 1113
1103 1105
1074 1076
1074 1076
1072 1074
1050 1052
1049 1051
1036 1038
1022 1024
1001 1003
1003 1005
999 1001
996 998
988 990
975 977
973 975
959 961
953 955
955 957
960 962
929 931
944 946
925 927
913 915
909 911
906 908
904 906
891 893
894 896
888 890
896 898
892 894
875 877
875 877
863 865
862 864
846 848
832 834
821 823
826 828
814 816
805 807
797 799
783 785
782 784
774 776
773 775
766 768
782 784
772 774
760 762
753 755
756 758
756 758
747 749
749 751
747 749
750 752
751 753
736 738
741 743
745 747
732 734
729 731
730 732
713 715
712 714
714 716
707 709
706 708
709 711
713 715
708 710
708 710
697 699
687 689
697 699
696 698
693 695
669 671
666 668
658 660
650 652
649 651
646 648
648 650
648 650
650 652
647 649
649 651
644 646
637 639
641 643
638 640
637 639
640 642
634 636
631 633
634 636
632 634
628 630
627 629
629 631
625 627
625 627
630 632
621 623
620 622
617 619
613 615
615 617
606 608
606 608
600 602
599 601
596 598
589 591
590 592
592 594
593 595
596 598
598 600
590 592
588 590
586 588
591 593
587 589
588 590
591 593
588 590
584 586
586 588
584 586
584 586
580 582
578 580
575 577
573 575
568 570
570 572
574 576
556 558
555 557
565 567
564 566
564 566
568 570
575 577
571 573
566 568
565 567
562 564
560 562
555 557
551 553
549 551
549 551
548 550
551 553
546 548
543 545
552 554
551 553
548 550
550 552
551 553
550 552
549 551
549 551
555 557
552 554
552 554
553 555
550 552
554 556
557 559
558 560
561 563
568 570
570 572
573 575
571 573
565 567
566 568
570 572
564 566
564 566
560 562
560 562
560 562
561 563
561 563
561 563
561 563
557 559
556 558
556 558
564 566
560 562
559 561
559 561
561 563
559 561
558 560
556 558
553 555
552 554
550 552
550 552
551 553
552 554
552 554
555 557
555 557
552 554
547 549
547 549
549 551
546 548
547 549
548 550
543 545
544 546
540 542
539 541
543 545
541 543
541 543
540 542
543 545
542 544
538 540
539 541
539 541
540 542
538 540
533 535
533 535
532 534
536 538
540 542
539 541
537 539
540 542
543 545
544 546
545 547
546 548
547 549
547 549
547 549
546 548
546 548
546 548
541 543
537 539
540 542
539 541
537 539
540 542
538 540
538 540
537 539
535 537
535 537
533 535
530 532
529 531
526 528
525 527
528 530
528 530
526 528
526 528
526 528
528 530
530 532
528 530
528 530
528 530
530 532
525 527
527 529
526 528
525 527
527 529
527 529
524 526
523 525
521 523
523 525
524 526
525 527
526 528
524 526
525 527
525 527
528 530
526 528
526 528
527 529
524 526
522 524
523 525
525 527
525 527
524 526
526 528
527 529
527 529
528 530
528 530
527 529
526 528
525 527
528 530
528 530
527 529
528 530
527 529
529 531
530 532
532 534
532 534
532 534
532 534
534 536
532 534
530 532
530 532
531 533
527 529
526 528
526 528
528 530
526 528
525 527
527 529
528 530
530 532
528 530
524 526
526 528
527 529
525 527
523 525
523 525
522 524
522 524
522 524
524 526
523 525
521 523
525 527
526 528
526 528
525 527
524 526
526 528
527 529
525 527
526 528
524 526
522 524
523 525
523 525
523 525
524 526
525 527
522 524
522 524
524 526
522 524
525 527
522 524
522 524
520 522
522 524
520 522
518 520
519 521
519 521
519 521
520 522
520 522
517 519
520 522
522 524
522 524
520 522
522 524
523 525
524 526
525 527
524 526
524 526
524 526
524 526
523 525
523 525
524 526
524 526
525 527
525 527
525 527
526 528
525 527
529 531
529 531
526 528
527 529
526 528
529 531
529 531
529 531
529 531
529 531
527 529
528 530
527 529
526 528
524 526
525 527
525 527
525 527
525 527
521 523
523 525
523 525
522 524
520 522
523 525
521 523
519 521
518 520
518 520
518 520
517 519
516 518
517 519
519 521
517 519
515 517
516 518
517 519
517 519
515 517
516 518
516 518
515 517
517 519
515 517
516 518
517 519
519 521
520 522
521 523
521 523
520 522
520 522
522 524
522 524
522 524
522 524
522 524
521 523
520 522
520 522
521 523
519 521
519 521
520 522
522 524
522 524
523 525
523 525
523 525
522 524
521 523
522 524
521 523
517 519
517 519
516 518
518 520
518 520
517 519
516 518
516 518
516 518
515 517
514 516
515 517
514 516
514 516
514 516
514 516
517 519
518 520
519 521
518 520
519 521
517 519
517 519
516 518
517 519
516 518
515 517
515 517
515 517
514 516
515 517
514 516
517 519
517 519
517 519
518 520
516 518
518 520
518 520
520 522
520 522
520 522
519 521
520 522
519 521
519 521
519 521
519 521
519 521
518 520
520 522
521 523
520 522
522 524
522 524
523 525
522 524
522 524
521 523
522 524
524 526
525 527
525 527
527 529
526 528
527 529
527 529
527 529
525 527
526 528
525 527
526 528
524 526
525 527
525 527
524 526
526 528
524 526
526 528
526 528
526 528
524 526
523 525
524 526
524 526
523 525
522 524
522 524
521 523
521 523
520 522
521 523
521 523
520 522
521 523
518 520
519 521
519 521
520 522
520 522
521 523
521 523
521 523
521 523
521 523
519 521
522 524
521 523
519 521
520 522
520 522
518 520
518 520
518 520
519 521
519 521
520 522
520 522
519 521
519 521
519 521
518 520
518 520
519 521
520 522
520 522
520 522
520 522
520 522
520 522
520 522
518 520
519 521
519 521
518 520
519 521
519 521
519 521
519 521
519 521
519 521
518 520
518 520
519 521
520 522
520 522
520 522
520 522
520 522
519 521
517 519
517 519
517 519
516 518
516 518
516 518
514 516
516 518
516 518
516 518
515 517
516 518
515 517
514 516
516 518
517 519
517 519
518 520
518 520
518 520
518 520
516 518
517 519
516 518
517 519
517 519
516 518
516 518
516 518
516 518
516 518
516 518
516 518
516 518
516 518
517 519
515 517
516 518
516 518
516 518
515 517
515 517
514 516
515 517
515 517
515 517
515 517
515 517
515 517
515 517
514 516
516 518
516 518
516 518
514 516
514 516
515 517
516 518
516 518
516 518
516 518
515 517
516 518
515 517
516 518
515 517
515 517
515 517
516 518
517 519
518 520
519 521
517 519
518 520
518 520
519 521
520 522
520 522
521 523
521 523
521 523
520 522
521 523
521 523
521 523
521 523
521 523
521 523
520 522
521 523
522 524
523 525
523 525
524 526
522 524
522 524
523 525
523 525
523 525
523 525
521 523
521 523
521 523
521 523
520 522
521 523
522 524
522 524
521 523
521 523
520 522
521 523
521 523
522 524
522 524
522 524
523 525
523 525
523 525
521 523
519 521
520 522
519 521
520 522
520 522
519 521
520 522
519 521
520 522
520 522
519 521
520 522
521 523
521 523
521 523
520 522
521 523
funVal is 2.01189136.
2190 2192
2190 2192
2190 2192
2190 2192
2190 2192
2190 2192
2195 2197
2197 2199
2197 2199
2199 2201
2197 2199
2200 2202
2197 2199
2196 2198
2194 2196
2199 2201
2192 2194
2193 2195
2197 2199
2194 2196
2197 2199
2194 2196
2194 2196
2196 2198
2191 2193
2193 2195
2186 2188
2179 2181
2184 2186
2192 2194
2186 2188
2185 2187
2186 2188
2183 2185
2179 2181
2178 2180
2173 2175
2165 2167
2162 2164
2156 2158
2155 2157
2148 2150
2138 2140
2127 2129
2122 2124
2119 2121
2109 2111
2097 2099
2094 2096
2085 2087
2078 2080
2072 2074
2056 2058
2065 2067
2039 2041
2029 2031
2041 2043
2037 2039
2031 2033
2027 2029
2016 2018
2004 2006
2002 2004
1999 2001
1991 1993
1981 1983
1991 1993
1979 1981
1974 1976
1960 1962
1951 1953
1920 1922
1917 1919
1916 1918
1933 1935
1929 1931
1915 1917
1904 1906
1897 1899
1900 1902
1909 1911
1894 1896
1869 1871
1882 1884
1867 1869
1852 1854
1860 1862
1841 1843
1817 1819
1814 1816
1812 1814
1814 1816
1809 1811
1810 1812
1798 1800
1788 1790
1800 1802
1783 1785
1781 1783
1795 1797
1763 1765
1760 1762
1751 1753
1734 1736
1725 1727
1715 1717
1708 1710
1704 1706
1685 1687
1678 1680
1673 1675
1667 1669
1637 1639
1626 1628
1625 1627
1614 1616
1635 1637
1610 1612
1600 1602
1590 1592
1564 1566
1558 1560
1556 1558
1541 1543
1538 1540
1523 1525
1521 1523
1526 1528
1521 1523
1507 1509
1502 1504
1509 1511
1490 1492
1474 1476
1473 1475
1478 1480
1459 1461
1446 1448
1455 1457
1444 1446
1439 1441
1435 1437
1419 1421
1419 1421
1421 1423
1418 1420
1416 1418
1412 1414
1420 1422
1423 1425
1409 1411
1413 1415
1413 1415
1409 1411
1414 1416
1388 1390
1369 1371
1363 1365
1357 1359
1344 1346
1354 1356
1334 1336
1327 1329
1333 1335
1338 1340
1303 1305
1306 1308
1309 1311
1288 1290
1269 1271
1261 1263
1226 1228
1242 1244
1217 1219
1200 1202
1208 1210
1197 1199
1186 1188
1205 1207
1178 1180
1159 1161
1175 1177
1143 1145
1145 1147
1132 1134
1123 1125
1120 1122
1126 1128
1108 1110
1106 1108
1097 1099
1090 1092
1092 1094
1104 1106
1098 1100
1080 1082
1075 1077
1058 1060
1070 1072
1075 1077
1057 1059
1032 1034
1002 1004
999 1001
995 997
984 986
987 989
988 990
980 982
974 976
968 970
965 967
950 952
958 960
955 957
938 940
936 938
931 933
916 918
921 923
913 915
909 911
901 903
894 896
898 900
879 881
883 885
899 901
900 902
902 904
902 904
886 888
888 890
875 877
859 861
861 863
862 864
859 861
848 850
838 840
828 830
825 827
831 833
839 841
835 837
841 843
836 838
842 844
824 826
816 818
812 814
817 819
810 812
807 809
811 813
798 800
793 795
791 793
791 793
793 795
785 787
780 782
788 790
784 786
775 777
785 787
776 778
776 778
779 781
767 769
761 763
746 748
736 738
731 733
725 727
713 715
708 710
708 710
711 713
714 716
701 703
696 698
686 688
681 683
677 679
679 681
681 683
686 688
687 689
684 686
681 683
687 689
681 683
680 682
681 683
684 686
673 675
669 671
666 668
670 672
662 664
656 658
655 657
654 656
662 664
658 660
656 658
654 656
647 649
635 637
631 633
622 624
622 624
615 617
624 626
621 623
620 622
624 626
625 627
626 628
628 630
622 624
625 627
624 626
620 622
618 620
620 622
625 627
630 632
634 636
635 637
634 636
632 634
634 636
635 637
630 632
628 630
627 629
620 622
621 623
616 618
613 615
620 622
621 623
614 616
608 610
605 607
606 608
604 606
602 604
603 605
609 611
608 610
605 607
607 609
604 606
602 604
604 606
602 604
599 601
596 598
596 598
589 591
594 596
599 601
598 600
599 601
596 598
594 596
592 594
593 595
583 585
589 591
585 587
582 584
586 588
592 594
593 595
593 595
595 597
598 600
599 601
600 602
600 602
599 601
597 599
590 592
592 594
591 593
591 593
590 592
586 588
589 591
589 591
589 591
589 591
588 590
590 592
591 593
580 582
573 575
574 576
576 578
577 579
573 575
574 576
573 575
572 574
577 579
578 580
574 576
573 575
569 571
568 570
569 571
569 571
568 570
569 571
573 575
573 575
571 573
570 572
570 572
569 571
573 575
571 573
571 573
572 574
569 571
568 570
567 569
566 568
561 563
557 559
551 553
552 554
556 558
546 548
544 546
546 548
546 548
543 545
546 548
547 549
544 546
545 547
546 548
544 546
547 549
550 552
551 553
553 555
555 557
552 554
550 552
552 554
551 553
547 549
549 551
550 552
552 554
555 557
557 559
556 558
556 558
555 557
550 552
554 556
549 551
549 551
547 549
547 549
549 551
548 550
551 553
548 550
544 546
543 545
542 544
542 544
546 548
548 550
552 554
554 556
555 557
552 554
555 557
555 557
553 555
557 559
549 551
549 551
552 554
552 554
551 553
554 556
554 556
554 556
552 554
552 554
550 552
552 554
551 553
549 551
552 554
552 554
554 556
551 553
542 544
539 541
541 543
542 544
540 542
544 546
539 541
543 545
546 548
545 547
544 546
545 547
543 545
544 546
544 546
544 546
543 545
545 547
544 546
541 543
540 542
542 544
542 544
541 543
540 542
539 541
543 545
540 542
539 541
542 544
543 545
544 546
544 546
541 543
539 541
539 541
538 540
535 537
536 538
537 539
542 544
541 543
536 538
535 537
532 534
533 535
532 534
534 536
532 534
535 537
536 538
535 537
539 541
539 541
539 541
540 542
541 543
537 539
542 544
540 542
540 542
542 544
543 545
542 544
541 543
543 545
543 545
542 544
544 546
545 547
545 547
546 548
547 549
545 547
542 544
540 542
539 541
540 542
539 541
539 541
540 542
545 547
543 545
543 545
542 544
539 541
537 539
535 537
534 536
534 536
533 535
531 533
529 531
531 533
531 533
530 532
531 533
530 532
532 534
534 536
533 535
532 534
532 534
533 535
533 535
529 531
529 531
529 531
531 533
529 531
530 532
531 533
529 531
527 529
525 527
526 528
523 525
521 523
519 521
519 521
519 521
520 522
519 521
519 521
518 520
521 523
523 525
523 525
527 529
527 529
528 530
528 530
525 527
527 529
528 530
527 529
528 530
529 531
528 530
528 530
527 529
525 527
524 526
526 528
526 528
524 526
523 525
523 525
523 525
523 525
525 527
526 528
526 528
526 528
525 527
526 528
525 527
525 527
527 529
527 529
527 529
529 531
530 532
530 532
531 533
531 533
531 533
530 532
527 529
525 527
524 526
524 526
522 524
520 522
519 521
519 521
519 521
519 521
519 521
518 520
518 520
518 520
519 521
519 521
520 522
520 522
518 520
518 520
517 519
518 520
518 520
518 520
518 520
518 520
519 521
519 521
516 518
516 518
517 519
518 520
517 519
516 518
516 518
516 518
517 519
517 519
517 519
517 519
517 519
516 518
515 517
515 517
514 516
514 516
514 516
515 517
515 517
516 518
514 516
515 517
516 518
515 517
515 517
515 517
515 517
516 518
518 520
519 521
519 521
517 519
517 519
518 520
519 521
521 523
520 522
521 523
522 524
524 526
524 526
524 526
524 526
523 525
523 525
525 527
523 525
523 525
523 525
525 527
524 526
522 524
519 521
522 524
520 522
518 520
518 520
520 522
521 523
523 525
523 525
525 527
525 527
525 527
525 527
526 528
525 527
523 525
523 525
521 523
522 524
519 521
521 523
521 523
522 524
521 523
522 524
521 523
522 524
523 525
524 526
523 525
523 525
523 525
524 526
523 525
522 524
524 526
524 526
524 526
525 527
524 526
525 527
524 526
523 525
523 525
522 524
521 523
520 522
521 523
522 524
523 525
524 526
524 526
524 526
523 525
524 526
524 526
523 525
524 526
524 526
524 526
523 525
520 522
520 522
518 520
518 520
520 522
520 522
520 522
520 522
520 522
520 522
521 523
522 524
521 523
520 522
523 525
524 526
524 526
524 526
524 526
523 525
524 526
524 526
524 526
523 525
523 525
524 526
525 527
523 525
523 525
522 524
523 525
525 527
525 527
526 528
524 526
524 526
523 525
522 524
520 522
522 524
523 525
524 526
525 527
526 528
526 528
527 529
524 526
525 527
525 527
524 526
524 526
524 526
524 526
524 526
526 528
526 528
526 528
526 528
525 527
525 527
525 527
524 526
525 527
525 527
523 525
522 524
524 526
525 527
525 527
526 528
527 529
526 528
526 528
525 527
525 527
526 528
526 528
526 528
526 528
526 528
526 528
526 528
525 527
525 527
527 529
527 529
526 528
525 527
526 528
526 528
525 527
526 528
525 527
525 527
523 525
524 526
525 527
525 527
526 528
526 528
526 528
526 528
526 528
525 527
525 527
525 527
525 527
525 527
524 526
525 527
525 527
523 525
524 526
525 527
522 524
524 526
524 526
525 527
524 526
524 526
524 526
524 526
524 526
522 524
522 524
522 524
523 525
523 525
523 525
523 525
524 526
523 525
524 526
524 526
522 524
523 525
524 526
525 527
525 527
525 527
525 527
527 529
527 529
527 529
526 528
526 528
526 528
527 529
527 529
527 529
528 530
530 532
529 531
530 532
529 531
529 531
530 532
529 531
529 531
529 531
529 531
528 530
526 528
526 528
526 528
526 528
526 528
525 527
525 527
526 528
525 527
523 525
521 523
523 525
522 524
523 525
523 525
522 524
523 525
523 525
522 524
522 524
523 525
524 526
524 526
523 525
funVal is 1.18859976.
2195 2197
2195 2197
2195 2197
2195 2197
2195 2197
2195 2197
2198 2200
2197 2199
2199 2201
2199 2201
2199 2201
2198 2200
2199 2201
2196 2198
2196 2198
2198 2200
2199 2201
2198 2200
2199 2201
2199 2201
2197 2199
2197 2199
2195 2197
2195 2197
2196 2198
2196 2198
2188 2190
2198 2200
2192 2194
2189 2191
2192 2194
2191 2193
2193 2195
2194 2196
2191 2193
2185 2187
2188 2190
2187 2189
2184 2186
2185 2187
2181 2183
2183 2185
2176 2178
2173 2175
2171 2173
2168 2170
2164 2166
2158 2160
2156 2158
2150 2152
2147 2149
2141 2143
2142 2144
2133 2135
2129 2131
2129 2131
2112 2114
2121 2123
2116 2118
2113 2115
2121 2123
2109 2111
2103 2105
2102 2104
2106 2108
2093 2095
2087 2089
2087 2089
2087 2089
2081 2083
2081 2083
2071 2073
2068 2070
2063 2065
2071 2073
2062 2064
2062 2064
2056 2058
2065 2067
2066 2068
2066 2068
2059 2061
2051 2053
2050 2052
2043 2045
2041 2043
2037 2039
2032 2034
2017 2019
2036 2038
2021 2023
2023 2025
2019 2021
2010 2012
2011 2013
2010 2012
1994 1996
1996 1998
1981 1983
1987 1989
1984 1986
1982 1984
1971 1973
1977 1979
1984 1986
1977 1979
1973 1975
1979 1981
1970 1972
1960 1962
1956 1958
1954 1956
1949 1951
1926 1928
1915 1917
1916 1918
1919 1921
1915 1917
1915 1917
1912 1914
1916 1918
1900 1902
1887 1889
1889 1891
1894 1896
1885 1887
1888 1890
1877 1879
1882 1884
1868 1870
1865 1867
1869 1871
1848 1850
1834 1836
1839 1841
1817 1819
1835 1837
1831 1833
1828 1830
1823 1825
1817 1819
1800 1802
1802 1804
1792 1794
1789 1791
1783 1785
1771 1773
1773 1775
1753 1755
1745 1747
1730 1732
1725 1727
1703 1705
1699 1701
1688 1690
1704 1706
1690 1692
1681 1683
1671 1673
1659 1661
1631 1633
1649 1651
1656 1658
1646 1648
1639 1641
1637 1639
1644 1646
1637 1639
1628 1630
1624 1626
1638 1640
1629 1631
1619 1621
1612 1614
1608 1610
1598 1600
1610 1612
1593 1595
1595 1597
1577 1579
1569 1571
1556 1558
1572 1574
1572 1574
1560 1562
1539 1541
1535 1537
1541 1543
1529 1531
1518 1520
1523 1525
1517 1519
1526 1528
1523 1525
1529 1531
1520 1522
1533 1535
1532 1534
1520 1522
1514 1516
1520 1522
1509 1511
1501 1503
1501 1503
1487 1489
1507 1509
1490 1492
1480 1482
1479 1481
1465 1467
1462 1464
1450 1452
1455 1457
1446 1448
1437 1439
1436 1438
1440 1442
1439 1441
1426 1428
1437 1439
1409 1411
1394 1396
1417 1419
1408 1410
1412 1414
1385 1387
1385 1387
1369 1371
1357 1359
1352 1354
1339 1341
1346 1348
1346 1348
1344 1346
1337 1339
1318 1320
1307 1309
1309 1311
1306 1308
1297 1299
1288 1290
1294 1296
1289 1291
1274 1276
1258 1260
1262 1264
1257 1259
1255 1257
1249 1251
1243 1245
1250 1252
1228 1230
1239 1241
1232 1234
1236 1238
1227 1229
1221 1223
1215 1217
1206 1208
1214 1216
1216 1218
1197 1199
1181 1183
1174 1176
1169 1171
1156 1158
1153 1155
1152 1154
1125 1127
1129 1131
1138 1140
1125 1127
1118 1120
1124 1126
1115 1117
1112 1114
1089 1091
1095 1097
1095 1097
1071 1073
1063 1065
1049 1051
1048 1050
1043 1045
1047 1049
1032 1034
1015 1017
1003 1005
997 999
991 993
1003 1005
999 1001
1006 1008
1027 1029
1026 1028
1022 1024
1011 1013
1013 1015
1016 1018
1013 1015
1016 1018
1004 1006
1007 1009
1009 1011
989 991
1001 1003
995 997
990 992
980 982
972 974
965 967
946 948
950 952
948 950
953 955
948 950
950 952
948 950
959 961
945 947
940 942
925 927
931 933
916 918
916 918
908 910
893 895
897 899
889 891
886 888
892 894
891 893
896 898
897 899
886 888
886 888
877 879
889 891
884 886
867 869
879 881
861 863
869 871
855 857
846 848
841 843
851 853
851 853
833 835
829 831
827 829
826 828
825 827
819 821
818 820
819 821
815 817
818 820
816 818
824 826
816 818
822 824
816 818
812 814
801 803
799 801
791 793
785 787
781 783
785 787
789 791
787 789
771 773
774 776
784 786
778 780
763 765
756 758
745 747
734 736
743 745
741 743
725 727
724 726
721 723
719 721
714 716
722 724
728 730
722 724
725 727
722 724
708 710
700 702
694 696
692 694
694 696
687 689
674 676
676 678
673 675
666 668
668 670
669 671
672 674
675 677
679 681
675 677
673 675
672 674
668 670
675 677
682 684
667 669
670 672
671 673
665 667
667 669
661 663
655 657
653 655
644 646
644 646
644 646
647 649
650 652
644 646
649 651
642 644
643 645
640 642
643 645
638 640
639 641
635 637
631 633
633 635
630 632
634 636
628 630
629 631
630 632
625 627
629 631
624 626
629 631
627 629
628 630
627 629
622 624
620 622
616 618
613 615
616 618
619 621
618 620
616 618
616 618
616 618
609 611
614 616
617 619
618 620
616 618
620 622
624 626
622 624
618 620
618 620
616 618
613 615
617 619
616 618
621 623
617 619
617 619
613 615
612 614
614 616
615 617
610 612
610 612
609 611
602 604
589 591
591 593
598 600
599 601
592 594
594 596
594 596
598 600
601 603
605 607
602 604
603 605
603 605
607 609
608 610
608 610
606 608
612 614
608 610
605 607
603 605
610 612
608 610
606 608
607 609
606 608
605 607
606 608
603 605
605 607
608 610
603 605
600 602
605 607
602 604
604 606
610 612
607 609
606 608
602 604
603 605
601 603
599 601
589 591
594 596
586 588
585 587
587 589
581 583
573 575
583 585
583 585
584 586
581 583
580 582
578 580
577 579
578 580
583 585
582 584
585 587
582 584
582 584
583 585
585 587
581 583
580 582
586 588
580 582
581 583
583 585
583 585
583 585
582 584
581 583
580 582
577 579
577 579
576 578
577 579
575 577
573 575
570 572
572 574
571 573
572 574
572 574
575 577
568 570
572 574
573 575
576 578
572 574
571 573
573 575
576 578
578 580
576 578
574 576
568 570
570 572
570 572
568 570
574 576
573 575
571 573
571 573
575 577
574 576
569 571
568 570
569 571
567 569
561 563
564 566
560 562
558 560
558 560
557 559
554 556
555 557
554 556
555 557
557 559
555 557
556 558
556 558
553 555
554 556
558 560
556 558
561 563
567 569
572 574
576 578
578 580
576 578
575 577
572 574
569 571
569 571
569 571
569 571
566 568
565 567
567 569
564 566
565 567
567 569
567 569
569 571
568 570
566 568
562 564
567 569
568 570
568 570
563 565
564 566
564 566
563 565
568 570
569 571
569 571
571 573
572 574
572 574
572 574
569 571
570 572
570 572
569 571
572 574
567 569
565 567
567 569
567 569
566 568
565 567
568 570
565 567
563 565
559 561
561 563
562 564
561 563
564 566
564 566
560 562
560 562
558 560
561 563
556 558
553 555
556 558
560 562
563 565
560 562
559 561
556 558
556 558
556 558
557 559
558 560
556 558
553 555
555 557
552 554
549 551
547 549
549 551
552 554
548 550
549 551
547 549
548 550
548 550
548 550
552 554
552 554
549 551
548 550
547 549
543 545
545 547
545 547
547 549
548 550
547 549
551 553
549 551
552 554
550 552
549 551
547 549
541 543
541 543
547 549
549 551
551 553
546 548
547 549
546 548
546 548
548 550
551 553
550 552
549 551
549 551
547 549
545 547
546 548
547 549
541 543
540 542
544 546
542 544
544 546
543 545
546 548
544 546
545 547
547 549
547 549
548 550
546 548
545 547
545 547
545 547
544 546
544 546
546 548
546 548
543 545
544 546
544 546
545 547
547 549
546 548
546 548
546 548
545 547
544 546
547 549
548 550
546 548
546 548
546 548
547 549
548 550
547 549
547 549
547 549
547 549
548 550
548 550
550 552
548 550
548 550
546 548
550 552
546 548
547 549
545 547
548 550
548 550
546 548
544 546
545 547
546 548
545 547
548 550
547 549
549 551
550 552
550 552
549 551
551 553
550 552
549 551
547 549
550 552
552 554
551 553
551 553
551 553
552 554
549 551
548 550
546 548
545 547
546 548
545 547
546 548
546 548
545 547
545 547
543 545
544 546
544 546
544 546
544 546
541 543
541 543
540 542
540 542
538 540
536 538
537 539
536 538
536 538
538 540
536 538
537 539
538 540
542 544
541 543
541 543
540 542
540 542
538 540
539 541
538 540
538 540
538 540
537 539
539 541
538 540
537 539
537 539
542 544
541 543
541 543
539 541
542 544
542 544
542 544
541 543
541 543
542 544
544 546
544 546
541 543
540 542
543 545
544 546
544 546
543 545
543 545
542 544
541 543
541 543
539 541
539 541
538 540
538 540
531 533
534 536
532 534
530 532
529 531
531 533
534 536
532 534
531 533
531 533
530 532
531 533
532 534
532 534
529 531
533 535
531 533
530 532
529 531
531 533
531 533
530 532
531 533
531 533
532 534
534 536
533 535
534 536
533 535
535 537
534 536
532 534
537 539
536 538
538 540
539 541
536 538
535 537
532 534
535 537
535 537
534 536
536 538
536 538
539 541
537 539
538 540
543 545
544 546
540 542
541 543
536 538
537 539
535 537
537 539
538 540
538 540
538 540
540 542
538 540
536 538
538 540
538 540
538 540
539 541
540 542
537 539
538 540
537 539
538 540
537 539
539 541
540 542
544 546
543 545
541 543
541 543
542 544
541 543
543 545
540 542
542 544
541 543
545 547
545 547
544 546
543 545
542 544
543 545
545 547
545 547
544 546
542 544
538 540
534 536
537 539
537 539
535 537
533 535
532 534
533 535
532 534
534 536
534 536
532 534
530 532
533 535
534 536
535 537
534 536
534 536
533 535
534 536
534 536
534 536
535 537
534 536
533 535
532 534
530 532
532 534
531 533
529 531
527 529
529 531
funVal is 0.70173970.
2197 2199
2197 2199
2197 2199
2197 2199
2197 2199
2197 2199
2199 2201
2198 2200
2194 2196
2200 2202
2198 2200
2198 2200
2197 2199
2200 2202
2196 2198
2199 2201
2200 2202
2198 2200
2199 2201
2198 2200
2200 2202
2198 2200
2197 2199
2198 2200
2199 2201
2197 2199
2198 2200
2199 2201
2196 2198
2199 2201
2197 2199
2197 2199
2197 2199
2192 2194
2197 2199
2193 2195
2196 2198
2190 2192
2191 2193
2190 2192
2193 2195
2193 2195
2189 2191
2188 2190
2183 2185
2185 2187
2185 2187
2182 2184
2173 2175
2177 2179
2178 2180
2170 2172
2170 2172
2167 2169
2169 2171
2168 2170
2164 2166
2168 2170
2162 2164
2159 2161
2154 2156
2151 2153
2148 2150
2148 2150
2143 2145
2139 2141
2145 2147
2145 2147
2143 2145
2132 2134
2134 2136
2135 2137
2132 2134
2120 2122
2127 2129
2130 2132
2124 2126
2121 2123
2119 2121
2116 2118
2114 2116
2110 2112
2110 2112
2110 2112
2118 2120
2109 2111
2113 2115
2114 2116
2117 2119
2110 2112
2108 2110
2113 2115
2111 2113
2110 2112
2104 2106
2101 2103
2099 2101
2091 2093
2096 2098
2104 2106
2094 2096
2099 2101
2095 2097
2098 2100
2104 2106
2099 2101
2100 2102
2103 2105
2089 2091
2091 2093
2091 2093
2094 2096
2086 2088
2084 2086
2081 2083
2074 2076
2072 2074
2064 2066
2056 2058
2060 2062
2060 2062
2055 2057
2056 2058
2050 2052
2044 2046
2043 2045
2047 2049
2043 2045
2037 2039
2029 2031
2035 2037
2042 2044
2034 2036
2042 2044
2037 2039
2051 2053
2054 2056
2045 2047
2045 2047
2041 2043
2039 2041
2034 2036
2032 2034
2031 2033
2020 2022
2014 2016
2016 2018
2011 2013
2000 2002
2008 2010
2003 2005
2006 2008
2000 2002
2007 2009
2006 2008
1993 1995
2000 2002
1988 1990
1980 1982
1974 1976
1974 1976
1980 1982
1974 1976
1973 1975
1976 1978
1964 1966
1965 1967
1968 1970
1965 1967
1966 1968
1971 1973
1951 1953
1952 1954
1942 1944
1944 1946
1941 1943
1939 1941
1948 1950
1944 1946
1940 1942
1946 1948
1946 1948
1934 1936
1930 1932
1936 1938
1924 1926
1923 1925
1936 1938
1933 1935
1929 1931
1913 1915
1910 1912
1886 1888
1897 1899
1883 1885
1878 1880
1864 1866
1864 1866
1874 1876
1862 1864
1852 1854
1841 1843
1841 1843
1837 1839
1819 1821
1836 1838
1824 1826
1803 1805
1805 1807
1802 1804
1791 1793
1798 1800
1790 1792
1802 1804
1792 1794
1797 1799
1786 1788
1777 1779
1770 1772
1773 1775
1770 1772
1769 1771
1756 1758
1761 1763
1762 1764
1766 1768
1764 1766
1767 1769
1740 1742
1758 1760
1750 1752
1743 1745
1721 1723
1706 1708
1710 1712
1706 1708
1691 1693
1702 1704
1693 1695
1690 1692
1677 1679
1681 1683
1673 1675
1665 1667
1652 1654
1645 1647
1636 1638
1637 1639
1640 1642
1629 1631
1638 1640
1632 1634
1638 1640
1639 1641
1645 1647
1634 1636
1632 1634
1625 1627
1630 1632
1616 1618
1602 1604
1599 1601
1599 1601
1606 1608
1595 1597
1597 1599
1604 1606
1601 1603
1587 1589
1593 1595
1578 1580
1575 1577
1558 1560
1556 1558
1546 1548
1550 1552
1540 1542
1535 1537
1536 1538
1536 1538
1519 1521
1522 1524
1530 1532
1531 1533
1536 1538
1519 1521
1511 1513
1518 1520
1520 1522
1523 1525
1525 1527
1522 1524
1509 1511
1492 1494
1480 1482
1482 1484
1475 1477
1464 1466
1471 1473
1473 1475
1466 1468
1462 1464
1466 1468
1449 1451
1453 1455
1454 1456
1442 1444
1435 1437
1428 1430
1433 1435
1431 1433
1413 1415
1416 1418
1424 1426
1409 1411
1419 1421
1398 1400
1404 1406
1404 1406
1414 1416
1413 1415
1404 1406
1413 1415
1405 1407
1393 1395
1391 1393
1401 1403
1398 1400
1410 1412
1413 1415
1416 1418
1410 1412
1401 1403
1400 1402
1387 1389
1389 1391
1384 1386
1380 1382
1367 1369
1368 1370
1364 1366
1355 1357
1362 1364
1354 1356
1350 1352
1346 1348
1333 1335
1330 1332
1326 1328
1321 1323
1313 1315
1324 1326
1319 1321
1307 1309
1302 1304
1301 1303
1283 1285
1288 1290
1278 1280
1276 1278
1263 1265
1267 1269
1256 1258
1254 1256
1255 1257
1242 1244
1242 1244
1231 1233
1223 1225
1211 1213
1197 1199
1204 1206
1182 1184
1187 1189
1176 1178
1173 1175
1172 1174
1181 1183
1195 1197
1182 1184
1188 1190
1176 1178
1175 1177
1169 1171
1165 1167
1144 1146
1129 1131
1116 1118
1117 1119
1111 1113
1107 1109
1104 1106
1099 1101
1115 1117
1120 1122
1112 1114
1112 1114
1106 1108
1110 1112
1116 1118
1094 1096
1078 1080
1085 1087
1080 1082
1082 1084
1082 1084
1072 1074
1065 1067
1059 1061
1054 1056
1047 1049
1045 1047
1057 1059
1047 1049
1044 1046
1043 1045
1058 1060
1063 1065
1052 1054
1049 1051
1044 1046
1048 1050
1056 1058
1058 1060
1049 1051
1044 1046
1041 1043
1035 1037
1026 1028
1025 1027
1024 1026
1024 1026
1011 1013
1003 1005
988 990
986 988
987 989
997 999
1002 1004
1005 1007
1011 1013
999 1001
985 987
990 992
1001 1003
994 996
986 988
973 975
956 958
954 956
957 959
959 961
963 965
956 958
947 949
944 946
928 930
932 934
933 935
932 934
932 934
916 918
922 924
927 929
925 927
928 930
923 925
921 923
911 913
911 913
912 914
909 911
907 909
904 906
888 890
874 876
874 876
875 877
876 878
871 873
864 866
865 867
867 869
863 865
860 862
854 856
849 851
851 853
857 859
852 854
853 855
850 852
843 845
844 846
849 851
845 847
845 847
850 852
833 835
826 828
824 826
817 819
819 821
815 817
819 821
813 815
805 807
809 811
809 811
803 805
811 813
802 804
807 809
799 801
795 797
803 805
798 800
805 807
786 788
799 801
787 789
791 793
783 785
774 776
773 775
780 782
775 777
759 761
754 756
753 755
742 744
747 749
740 742
724 726
728 730
733 735
738 740
740 742
745 747
750 752
748 750
749 751
745 747
745 747
752 754
750 752
751 753
739 741
747 749
738 740
738 740
738 740
735 737
728 730
719 721
721 723
720 722
713 715
716 718
716 718
710 712
698 700
702 704
703 705
700 702
705 707
697 699
696 698
700 702
705 707
709 711
712 714
707 709
698 700
691 693
688 690
693 695
698 700
695 697
702 704
699 701
688 690
694 696
683 685
679 681
672 674
679 681
663 665
660 662
661 663
665 667
664 666
654 656
653 655
655 657
656 658
659 661
661 663
666 668
658 660
661 663
659 661
665 667
662 664
653 655
662 664
654 656
654 656
647 649
645 647
636 638
639 641
638 640
641 643
643 645
641 643
637 639
642 644
640 642
640 642
643 645
639 641
640 642
637 639
643 645
639 641
639 641
632 634
632 634
635 637
635 637
635 637
635 637
639 641
632 634
640 642
640 642
642 644
637 639
643 645
636 638
632 634
641 643
638 640
637 639
635 637
636 638
638 640
632 634
626 628
628 630
618 620
622 624
617 619
614 616
611 613
617 619
611 613
617 619
615 617
616 618
615 617
617 619
612 614
616 618
616 618
620 622
625 627
626 628
627 629
627 629
624 626
622 624
623 625
624 626
619 621
623 625
618 620
616 618
611 613
611 613
606 608
612 614
614 616
614 616
609 611
609 611
609 611
609 611
608 610
610 612
605 607
607 609
602 604
597 599
593 595
589 591
584 586
585 587
587 589
584 586
581 583
577 579
581 583
584 586
581 583
581 583
586 588
587 589
582 584
589 591
584 586
584 586
584 586
590 592
592 594
587 589
586 588
584 586
589 591
586 588
587 589
589 591
588 590
588 590
591 593
584 586
582 584
580 582
582 584
580 582
583 585
582 584
590 592
591 593
595 597
595 597
592 594
595 597
587 589
590 592
592 594
590 592
598 600
597 599
599 601
599 601
595 597
590 592
586 588
584 586
585 587
585 587
579 581
579 581
585 587
581 583
585 587
584 586
582 584
581 583
580 582
582 584
584 586
583 585
581 583
580 582
581 583
582 584
579 581
576 578
578 580
581 583
578 580
578 580
574 576
575 577
573 575
571 573
573 575
573 575
573 575
576 578
575 577
574 576
575 577
569 571
573 575
571 573
574 576
571 573
573 575
565 567
563 565
568 570
566 568
568 570
567 569
570 572
569 571
576 578
574 576
575 577
576 578
579 581
576 578
572 574
575 577
577 579
573 575
572 574
567 569
572 574
573 575
569 571
573 575
575 577
573 575
577 579
575 577
571 573
571 573
566 568
569 571
570 572
570 572
569 571
568 570
567 569
567 569
571 573
568 570
567 569
564 566
565 567
566 568
568 570
564 566
564 566
560 562
558 560
554 556
556 558
558 560
556 558
557 559
562 564
562 564
567 569
564 566
562 564
560 562
562 564
566 568
565 567
565 567
569 571
571 573
566 568
569 571
566 568
565 567
562 564
566 568
564 566
568 570
568 570
569 571
568 570
568 570
568 570
567 569
569 571
565 567
561 563
561 563
563 565
561 563
562 564
565 567
567 569
567 569
569 571
571 573
574 576
574 576
575 577
573 575
576 578
577 579
578 580
580 582
580 582
577 579
574 576
572 574
574 576
570 572
573 575
578 580
576 578
573 575
575 577
575 577
574 576
577 579
576 578
575 577
577 579
578 580
578 580
577 579
573 575
575 577
572 574
567 569
567 569
565 567
567 569
570 572
569 571
567 569
567 569
566 568
563 565
565 567
565 567
569 571
570 572
569 571
569 571
571 573
568 570
573 575
570 572
576 578
576 578
576 578
573 575
573 575
575 577
573 575
571 573
569 571
566 568
565 567
568 570
565 567
561 563
562 564
562 564
561 563
557 559
555 557
557 559
557 559
557 559
556 558
556 558
553 555
549 551
548 550
549 551
549 551
549 551
549 551
550 552
548 550
549 551
550 552
553 555
553 555
549 551
551 553
550 552
548 550
548 550
554 556
555 557
552 554
559 561
555 557
551 553
551 553
552 554
552 554
556 558
558 560
554 556
551 553
548 550
548 550
548 550
552 554
547 549
550 552
549 551
547 549
551 553
553 555
555 557
554 556
553 555
552 554
552 554
funVal is 0.41462214.
2198 2200
2198 2200
2198 2200
2198 2200
2198 2200
2198 2200
2199 2201
2198 2200
2199 2201
2199 2201
2199 2201
2199 2201
2200 2202
2199 2201
2200 2202
2199 2201
2198 2200
2198 2200
2199 2201
2200 2202
2200 2202
2200 2202
2200 2202
2199 2201
2199 2201
2200 2202
2200 2202
2200 2202
2199 2201
2198 2200
2197 2199
2197 2199
2195 2197
2195 2197
2198 2200
2196 2198
2196 2198
2198 2200
2197 2199
2196 2198
2196 2198
2193 2195
2192 2194
2196 2198
2196 2198
2195 2197
2196 2198
2191 2193
2193 2195
2184 2186
2186 2188
2187 2189
2185 2187
2184 2186
2184 2186
2183 2185
2181 2183
2179 2181
2173 2175
2175 2177
2172 2174
2171 2173
2175 2177
2169 2171
2175 2177
2172 2174
2166 2168
2168 2170
2163 2165
2164 2166
2164 2166
2161 2163
2160 2162
2160 2162
2157 2159
2151 2153
2151 2153
2152 2154
2152 2154
2146 2148
2148 2150
2142 2144
2142 2144
2140 2142
2145 2147
2143 2145
2138 2140
2139 2141
2142 2144
2136 2138
2137 2139
2138 2140
2138 2140
2132 2134
2134 2136
2138 2140
2132 2134
2131 2133
2137 2139
2128 2130
2129 2131
2122 2124
2128 2130
2119 2121
2123 2125
2120 2122
2123 2125
2123 2125
2123 2125
2124 2126
2129 2131
2129 2131
2140 2142
2138 2140
2141 2143
2133 2135
2129 2131
2128 2130
2130 2132
2127 2129
2131 2133
2132 2134
2130 2132
2131 2133
2127 2129
2134 2136
2130 2132
2119 2121
2123 2125
2122 2124
2121 2123
2121 2123
2132 2134
2120 2122
2117 2119
2120 2122
2117 2119
2123 2125
2127 2129
2120 2122
2125 2127
2125 2127
2119 2121
2116 2118
2117 2119
2118 2120
2119 2121
2124 2126
2112 2114
2114 2116
2115 2117
2114 2116
2116 2118
2109 2111
2111 2113
2108 2110
2111 2113
2109 2111
2112 2114
2108 2110
2102 2104
2098 2100
2106 2108
2101 2103
2100 2102
2099 2101
2097 2099
2090 2092
2092 2094
2090 2092
2091 2093
2091 2093
2088 2090
2091 2093
2083 2085
2085 2087
2090 2092
2085 2087
2086 2088
2084 2086
2086 2088
2092 2094
2085 2087
2078 2080
2089 2091
2085 2087
2077 2079
2077 2079
2080 2082
2075 2077
2069 2071
2064 2066
2075 2077
2062 2064
2062 2064
2061 2063
2059 2061
2064 2066
2065 2067
2063 2065
2059 2061
2060 2062
2048 2050
2044 2046
2054 2056
2055 2057
2046 2048
2048 2050
2043 2045
2040 2042
2042 2044
2041 2043
2036 2038
2031 2033
2033 2035
2038 2040
2044 2046
2037 2039
2044 2046
2044 2046
2041 2043
2044 2046
2032 2034
2037 2039
2029 2031
2029 2031
2017 2019
2033 2035
2033 2035
2026 2028
2030 2032
2036 2038
2014 2016
2013 2015
2020 2022
2012 2014
2011 2013
2004 2006
2014 2016
2006 2008
2003 2005
1997 1999
2003 2005
1997 1999
1985 1987
1991 1993
1984 1986
1986 1988
1979 1981
1974 1976
1955 1957
1968 1970
1961 1963
1956 1958
1943 1945
1953 1955
1956 1958
1958 1960
1950 1952
1956 1958
1947 1949
1953 1955
1948 1950
1957 1959
1945 1947
1938 1940
1929 1931
1927 1929
1916 1918
1921 1923
1921 1923
1925 1927
1918 1920
1902 1904
1897 1899
1901 1903
1898 1900
1890 1892
1891 1893
1894 1896
1884 1886
1880 1882
1883 1885
1882 1884
1876 1878
1873 1875
1863 1865
1870 1872
1857 1859
1853 1855
1855 1857
1852 1854
1860 1862
1854 1856
1851 1853
1858 1860
1854 1856
1855 1857
1848 1850
1854 1856
1844 1846
1860 1862
1848 1850
1846 1848
1838 1840
1835 1837
1829 1831
1820 1822
1821 1823
1812 1814
1828 1830
1820 1822
1813 1815
1804 1806
1802 1804
1799 1801
1790 1792
1793 1795
1783 1785
1776 1778
1770 1772
1766 1768
1767 1769
1763 1765
1773 1775
1779 1781
1761 1763
1756 1758
1762 1764
1763 1765
1764 1766
1760 1762
1757 1759
1757 1759
1731 1733
1734 1736
1727 1729
1731 1733
1730 1732
1718 1720
1739 1741
1739 1741
1736 1738
1725 1727
1731 1733
1729 1731
1724 1726
1722 1724
1720 1722
1708 1710
1706 1708
1711 1713
1697 1699
1686 1688
1682 1684
1677 1679
1688 1690
1674 1676
1664 1666
1647 1649
1641 1643
1642 1644
1630 1632
1654 1656
1641 1643
1654 1656
1659 1661
1653 1655
1655 1657
1657 1659
1638 1640
1633 1635
1632 1634
1616 1618
1627 1629
1627 1629
1630 1632
1621 1623
1618 1620
1626 1628
1619 1621
1618 1620
1604 1606
1600 1602
1605 1607
1596 1598
1595 1597
1611 1613
1614 1616
1605 1607
1591 1593
1598 1600
1597 1599
1597 1599
1593 1595
1595 1597
1586 1588
1587 1589
1574 1576
1577 1579
1572 1574
1567 1569
1566 1568
1566 1568
1558 1560
1559 1561
1556 1558
1541 1543
1552 1554
1536 1538
1537 1539
1537 1539
1529 1531
1540 1542
1542 1544
1534 1536
1533 1535
1523 1525
1537 1539
1541 1543
1542 1544
1536 1538
1525 1527
1531 1533
1520 1522
1522 1524
1535 1537
1522 1524
1533 1535
1522 1524
1535 1537
1520 1522
1494 1496
1497 1499
1500 1502
1492 1494
1493 1495
1491 1493
1487 1489
1486 1488
1486 1488
1490 1492
1480 1482
1488 1490
1492 1494
1492 1494
1490 1492
1494 1496
1488 1490
1460 1462
1474 1476
1459 1461
1466 1468
1469 1471
1463 1465
1474 1476
1460 1462
1457 1459
1460 1462
1449 1451
1439 1441
1440 1442
1432 1434
1435 1437
1435 1437
1428 1430
1418 1420
1425 1427
1416 1418
1416 1418
1419 1421
1417 1419
1419 1421
1411 1413
1389 1391
1401 1403
1392 1394
1375 1377
1379 1381
1370 1372
1356 1358
1354 1356
1365 1367
1362 1364
1351 1353
1348 1350
1336 1338
1344 1346
1334 1336
1331 1333
1333 1335
1323 1325
1317 1319
1330 1332
1326 1328
1323 1325
1312 1314
1306 1308
1304 1306
1317 1319
1328 1330
1310 1312
1315 1317
1306 1308
1321 1323
1302 1304
1297 1299
1300 1302
1284 1286
1294 1296
1304 1306
1309 1311
1300 1302
1282 1284
1288 1290
1284 1286
1274 1276
1266 1268
1248 1250
1245 1247
1245 1247
1239 1241
1224 1226
1236 1238
1223 1225
1217 1219
1240 1242
1233 1235
1228 1230
1226 1228
1224 1226
1213 1215
1200 1202
1190 1192
1193 1195
1180 1182
1186 1188
1181 1183
1182 1184
1174 1176
1181 1183
1170 1172
1168 1170
1167 1169
1165 1167
1146 1148
1159 1161
1153 1155
1159 1161
1152 1154
1144 1146
1145 1147
1153 1155
1148 1150
1139 1141
1127 1129
1128 1130
1128 1130
1130 1132
1128 1130
1136 1138
1135 1137
1134 1136
1141 1143
1139 1141
1125 1127
1127 1129
1135 1137
1134 1136
1141 1143
1128 1130
1119 1121
1102 1104
1106 1108
1100 1102
1099 1101
1092 1094
1100 1102
1106 1108
1116 1118
1109 1111
1107 1109
1100 1102
1098 1100
1086 1088
1087 1089
1085 1087
1073 1075
1066 1068
1065 1067
1067 1069
1060 1062
1062 1064
1058 1060
1080 1082
1070 1072
1060 1062
1058 1060
1040 1042
1038 1040
1034 1036
1045 1047
1040 1042
1045 1047
1042 1044
1032 1034
1035 1037
1024 1026
1027 1029
1023 1025
1016 1018
1007 1009
987 989
1001 1003
998 1000
999 1001
1000 1002
1002 1004
998 1000
1003 1005
1005 1007
1005 1007
1007 1009
1010 1012
1009 1011
1006 1008
1008 1010
1007 1009
1008 1010
1001 1003
1010 1012
986 988
982 984
991 993
993 995
979 981
986 988
976 978
983 985
968 970
971 973
968 970
968 970
962 964
964 966
962 964
952 954
946 948
933 935
934 936
926 928
931 933
920 922
921 923
915 917
913 915
908 910
908 910
895 897
898 900
907 909
902 904
905 907
900 902
900 902
898 900
906 908
910 912
915 917
916 918
914 916
914 916
897 899
886 888
891 893
874 876
870 872
866 868
860 862
850 852
860 862
857 859
857 859
872 874
871 873
874 876
869 871
879 881
882 884
884 886
894 896
884 886
882 884
879 881
880 882
881 883
874 876
871 873
865 867
865 867
848 850
854 856
856 858
858 860
864 866
854 856
848 850
850 852
846 848
838 840
849 851
850 852
845 847
847 849
843 845
845 847
841 843
842 844
840 842
842 844
839 841
831 833
831 833
810 812
818 820
820 822
825 827
821 823
818 820
818 820
813 815
807 809
797 799
801 803
792 794
805 807
801 803
795 797
797 799
801 803
799 801
801 803
797 799
793 795
780 782
777 779
765 767
756 758
748 750
749 751
750 752
753 755
749 751
749 751
752 754
746 748
746 748
742 744
745 747
737 739
729 731
732 734
735 737
737 739
743 745
737 739
742 744
743 745
742 744
749 751
734 736
739 741
744 746
741 743
746 748
746 748
754 756
753 755
752 754
751 753
744 746
744 746
757 759
753 755
744 746
751 753
743 745
742 744
737 739
732 734
738 740
734 736
723 725
721 723
717 719
716 718
716 718
708 710
714 716
714 716
714 716
719 721
726 728
722 724
713 715
710 712
713 715
717 719
723 725
719 721
717 719
709 711
713 715
696 698
699 701
695 697
691 693
693 695
699 701
694 696
699 701
699 701
693 695
684 686
675 677
678 680
675 677
673 675
667 669
670 672
671 673
670 672
674 676
678 680
680 682
677 679
674 676
678 680
671 673
671 673
660 662
664 666
663 665
659 661
663 665
662 664
667 669
661 663
652 654
655 657
657 659
657 659
659 661
656 658
655 657
655 657
659 661
652 654
654 656
648 650
641 643
629 631
635 637
637 639
636 638
633 635
637 639
636 638
639 641
639 641
636 638
633 635
636 638
632 634
634 636
623 625
625 627
625 627
621 623
621 623
624 626
630 632
623 625
629 631
626 628
622 624
621 623
626 628
623 625
624 626
622 624
621 623
616 618
615 617
613 615
618 620
624 626
631 633
630 632
625 627
626 628
624 626
626 628
624 626
627 629
622 624
619 621
626 628
623 625
627 629
628 630
627 629
619 621
619 621
628 630
631 633
625 627
619 621
618 620
622 624
628 630
620 622
622 624
623 625
619 621
620 622
621 623
616 618
619 621
613 615
617 619
617 619
616 618
616 618
614 616
607 609
609 611
610 612
606 608
608 610
607 609
608 610
613 615
608 610
606 608
606 608
604 606
601 603
601 603
602 604
601 603
598 600
602 604
599 601
604 606
609 611
606 608
607 609
610 612
606 608
613 615
613 615
610 612
610 612
616 618
611 613
600 602
606 608
602 604
603 605
604 606
606 608
605 607
604 606
602 604
607 609
602 604
609 611
608 610
610 612
610 612
615 617
616 618
612 614
617 619
613 615
613 615
616 618
612 614
611 613
617 619
621 623
621 623
615 617
613 615
613 615
616 618
613 615
615 617
616 618
613 615
613 615
616 618
613 615
617 619
funVal is 0.24560537.
2198 2200
2198 2200
2198 2200
2198 2200
2198 2200
2198 2200
2199 2201
2198 2200
2200 2202
2200 2202
2200 2202
2199 2201
2200 2202
2198 2200
2200 2202
2200 2202
2200 2202
2200 2202
2200 2202
2199 2201
2199 2201
2199 2201
2200 2202
2200 2202
2199 2201
2199 2201
2199 2201
2199 2201
2199 2201
2200 2202
2200 2202
2200 2202
2199 2201
2200 2202
2200 2202
2199 2201
2199 2201
2198 2200
2200 2202
2199 2201
2199 2201
2198 2200
2198 2200
2198 2200
2197 2199
2196 2198
2197 2199
2197 2199
2197 2199
2196 2198
2194 2196
2193 2195
2193 2195
2195 2197
2192 2194
2193 2195
2192 2194
2192 2194
2191 2193
2189 2191
2186 2188
2185 2187
2186 2188
2188 2190
2184 2186
2183 2185
2184 2186
2182 2184
2184 2186
2181 2183
2182 2184
2178 2180
2178 2180
2179 2181
2174 2176
2175 2177
2175 2177
2172 2174
2170 2172
2165 2167
2169 2171
2168 2170
2167 2169
2166 2168
2170 2172
2165 2167
2168 2170
2168 2170
2167 2169
2163 2165
2164 2166
2159 2161
2159 2161
2156 2158
2160 2162
2158 2160
2157 2159
2157 2159
2158 2160
2158 2160
2153 2155
2154 2156
2153 2155
2151 2153
2151 2153
2152 2154
2150 2152
2148 2150
2144 2146
2149 2151
2146 2148
2145 2147
2146 2148
2145 2147
2143 2145
2139 2141
2140 2142
2142 2144
2140 2142
2143 2145
2143 2145
2141 2143
2140 2142
2141 2143
2142 2144
2142 2144
2139 2141
2142 2144
2139 2141
2137 2139
2139 2141
2136 2138
2140 2142
2138 2140
2139 2141
2140 2142
2139 2141
2137 2139
2138 2140
2138 2140
2132 2134
2137 2139
2137 2139
2143 2145
2145 2147
2140 2142
2143 2145
2142 2144
2140 2142
2138 2140
2142 2144
2137 2139
2138 2140
2141 2143
2139 2141
2140 2142
2138 2140
2139 2141
2138 2140
2131 2133
2133 2135
2143 2145
2142 2144
2140 2142
2140 2142
2137 2139
2143 2145
2144 2146
2140 2142
2140 2142
2136 2138
2135 2137
2139 2141
2135 2137
2136 2138
2135 2137
2139 2141
2132 2134
2135 2137
2138 2140
2140 2142
2133 2135
2131 2133
2132 2134
2131 2133
2132 2134
2127 2129
2129 2131
2135 2137
2134 2136
2127 2129
2134 2136
2134 2136
2132 2134
2133 2135
2143 2145
2136 2138
2137 2139
2135 2137
2134 2136
2122 2124
2130 2132
2131 2133
2126 2128
2131 2133
2129 2131
2123 2125
2128 2130
2128 2130
2128 2130
2128 2130
2129 2131
2129 2131
2130 2132
2130 2132
2129 2131
2132 2134
2130 2132
2126 2128
2122 2124
2124 2126
2131 2133
2130 2132
2126 2128
2127 2129
2129 2131
2133 2135
2133 2135
2127 2129
2130 2132
2132 2134
2126 2128
2127 2129
2127 2129
2136 2138
2128 2130
2128 2130
2132 2134
2132 2134
2123 2125
2124 2126
2121 2123
2132 2134
2130 2132
2127 2129
2130 2132
2125 2127
2124 2126
2128 2130
2125 2127
2117 2119
2112 2114
2118 2120
2117 2119
2115 2117
2116 2118
2113 2115
2113 2115
2111 2113
2111 2113
2119 2121
2114 2116
2119 2121
2122 2124
2124 2126
2111 2113
2117 2119
2109 2111
2099 2101
2104 2106
2100 2102
2104 2106
2104 2106
2098 2100
2100 2102
2097 2099
2104 2106
2104 2106
2103 2105
2101 2103
2101 2103
2099 2101
2100 2102
2092 2094
2093 2095
2087 2089
2096 2098
2092 2094
2086 2088
2085 2087
2094 2096
2092 2094
2089 2091
2089 2091
2086 2088
2086 2088
2088 2090
2083 2085
2092 2094
2087 2089
2086 2088
2090 2092
2083 2085
2083 2085
2077 2079
2077 2079
2077 2079
2083 2085
2078 2080
2086 2088
2082 2084
2076 2078
2072 2074
2070 2072
2078 2080
2072 2074
2061 2063
2060 2062
2058 2060
2056 2058
2054 2056
2056 2058
2061 2063
2046 2048
2041 2043
2031 2033
2038 2040
2037 2039
2034 2036
2035 2037
2029 2031
2025 2027
2028 2030
2036 2038
2040 2042
2038 2040
2029 2031
2039 2041
2041 2043
2041 2043
2041 2043
2043 2045
2041 2043
2048 2050
2047 2049
2039 2041
2033 2035
2029 2031
2036 2038
2025 2027
2016 2018
2014 2016
2005 2007
2018 2020
2011 2013
2005 2007
2010 2012
2011 2013
2005 2007
1994 1996
1994 1996
1983 1985
1994 1996
1980 1982
1978 1980
1992 1994
1981 1983
1981 1983
1978 1980
1986 1988
1978 1980
1978 1980
1965 1967
1956 1958
1952 1954
1958 1960
1961 1963
1966 1968
1960 1962
1958 1960
1956 1958
1956 1958
1962 1964
1969 1971
1961 1963
1968 1970
1961 1963
1961 1963
1960 1962
1957 1959
1958 1960
1956 1958
1956 1958
1963 1965
1964 1966
1959 1961
1954 1956
1958 1960
1952 1954
1945 1947
1954 1956
1945 1947
1949 1951
1939 1941
1933 1935
1945 1947
1943 1945
1934 1936
1933 1935
1920 1922
1932 1934
1931 1933
1931 1933
1927 1929
1922 1924
1910 1912
1915 1917
1915 1917
1906 1908
1913 1915
1914 1916
1906 1908
1900 1902
1894 1896
1902 1904
1907 1909
1891 1893
1879 1881
1886 1888
1885 1887
1881 1883
1883 1885
1874 1876
1877 1879
1876 1878
1878 1880
1881 1883
1878 1880
1875 1877
1871 1873
1867 1869
1852 1854
1860 1862
1855 1857
1851 1853
1847 1849
1840 1842
1853 1855
1846 1848
1852 1854
1847 1849
1838 1840
1835 1837
1824 1826
1826 1828
1829 1831
1820 1822
1812 1814
1807 1809
1812 1814
1814 1816
1810 1812
1805 1807
1802 1804
1798 1800
1792 1794
1788 1790
1796 1798
1799 1801
1790 1792
1787 1789
1800 1802
1793 1795
1805 1807
1793 1795
1784 1786
1785 1787
1785 1787
1786 1788
1776 1778
1769 1771
1779 1781
1767 1769
1767 1769
1766 1768
1754 1756
1766 1768
1748 1750
1766 1768
1769 1771
1758 1760
1753 1755
1749 1751
1749 1751
1747 1749
1752 1754
1743 1745
1738 1740
1726 1728
1729 1731
1736 1738
1736 1738
1732 1734
1728 1730
1733 1735
1729 1731
1738 1740
1727 1729
1716 1718
1711 1713
1712 1714
1707 1709
1716 1718
1699 1701
1703 1705
1695 1697
1697 1699
1689 1691
1685 1687
1685 1687
1695 1697
1692 1694
1694 1696
1686 1688
1686 1688
1685 1687
1685 1687
1683 1685
1696 1698
1683 1685
1667 1669
1681 1683
1675 1677
1681 1683
1682 1684
1697 1699
1687 1689
1679 1681
1674 1676
1665 1667
1663 1665
1661 1663
1653 1655
1641 1643
1639 1641
1644 1646
1639 1641
1644 1646
1636 1638
1632 1634
1634 1636
1636 1638
1629 1631
1636 1638
1642 1644
1647 1649
1645 1647
1639 1641
1640 1642
1639 1641
1633 1635
1622 1624
1642 1644
1637 1639
1637 1639
1636 1638
1641 1643
1636 1638
1641 1643
1637 1639
1623 1625
1615 1617
1621 1623
1614 1616
1611 1613
1615 1617
1619 1621
1608 1610
1609 1611
1606 1608
1607 1609
1603 1605
1611 1613
1610 1612
1606 1608
1619 1621
1601 1603
1612 1614
1607 1609
1601 1603
1589 1591
1588 1590
1578 1580
1590 1592
1583 1585
1586 1588
1578 1580
1582 1584
1569 1571
1564 1566
1568 1570
1570 1572
1551 1553
1549 1551
1547 1549
1541 1543
1556 1558
1535 1537
1537 1539
1545 1547
1541 1543
1532 1534
1544 1546
1533 1535
1537 1539
1544 1546
1542 1544
1544 1546
1551 1553
1547 1549
1550 1552
1539 1541
1536 1538
1536 1538
1524 1526
1533 1535
1531 1533
1531 1533
1530 1532
1527 1529
1535 1537
1534 1536
1527 1529
1512 1514
1515 1517
1509 1511
1506 1508
1515 1517
1517 1519
1500 1502
1504 1506
1504 1506
1496 1498
1498 1500
1487 1489
1489 1491
1496 1498
1486 1488
1480 1482
1484 1486
1488 1490
1501 1503
1503 1505
1497 1499
1496 1498
1477 1479
1481 1483
1481 1483
1479 1481
1476 1478
1470 1472
1504 1506
1503 1505
1495 1497
1491 1493
1481 1483
1466 1468
1477 1479
1449 1451
1462 1464
1451 1453
1440 1442
1450 1452
1440 1442
1426 1428
1427 1429
1415 1417
1417 1419
1414 1416
1404 1406
1401 1403
1393 1395
1394 1396
1395 1397
1382 1384
1383 1385
1392 1394
1387 1389
1382 1384
1368 1370
1371 1373
1363 1365
1367 1369
1381 1383
1371 1373
1371 1373
1373 1375
1358 1360
1348 1350
1347 1349
1349 1351
1356 1358
1350 1352
1361 1363
1350 1352
1338 1340
1335 1337
1325 1327
1317 1319
1312 1314
1321 1323
1315 1317
1320 1322
1314 1316
1322 1324
1309 1311
1313 1315
1315 1317
1318 1320
1324 1326
1318 1320
1333 1335
1316 1318
1331 1333
1331 1333
1325 1327
1324 1326
1316 1318
1307 1309
1301 1303
1297 1299
1301 1303
1285 1287
1265 1267
1262 1264
1258 1260
1258 1260
1261 1263
1249 1251
1234 1236
1228 1230
1227 1229
1218 1220
1219 1221
1218 1220
1221 1223
1230 1232
1245 1247
1240 1242
1254 1256
1245 1247
1240 1242
1238 1240
1222 1224
1230 1232
1218 1220
1217 1219
1215 1217
1211 1213
1224 1226
1215 1217
1218 1220
1217 1219
1222 1224
1226 1228
1233 1235
1235 1237
1224 1226
1212 1214
1208 1210
1201 1203
1201 1203
1189 1191
1197 1199
1180 1182
1187 1189
1183 1185
1179 1181
1173 1175
1170 1172
1178 1180
1174 1176
1170 1172
1171 1173
1172 1174
1164 1166
1178 1180
1173 1175
1170 1172
1168 1170
1160 1162
1158 1160
1154 1156
1161 1163
1143 1145
1148 1150
1143 1145
1143 1145
1127 1129
1126 1128
1124 1126
1125 1127
1120 1122
1123 1125
1130 1132
1143 1145
1148 1150
1135 1137
1139 1141
1142 1144
1149 1151
1146 1148
1147 1149
1139 1141
1135 1137
1117 1119
1119 1121
1108 1110
1107 1109
1111 1113
1112 1114
1099 1101
1108 1110
1090 1092
1100 1102
1102 1104
1091 1093
1100 1102
1100 1102
1088 1090
1076 1078
1073 1075
1077 1079
1086 1088
1081 1083
1066 1068
1072 1074
1059 1061
1064 1066
1057 1059
1046 1048
1034 1036
1050 1052
1047 1049
1053 1055
1043 1045
1058 1060
1063 1065
1068 1070
1075 1077
1083 1085
1065 1067
1051 1053
1055 1057
1059 1061
1050 1052
1059 1061
1039 1041
1031 1033
1023 1025
1030 1032
1036 1038
1036 1038
1041 1043
1043 1045
1036 1038
1037 1039
1030 1032
1023 1025
1012 1014
1016 1018
1021 1023
1025 1027
1017 1019
1009 1011
1006 1008
996 998
993 995
994 996
995 997
997 999
1000 1002
990 992
991 993
986 988
988 990
990 992
992 994
992 994
1002 1004
991 993
986 988
983 985
981 983
969 971
970 972
966 968
968 970
960 962
940 942
940 942
933 935
934 936
924 926
933 935
932 934
935 937
941 943
938 940
934 936
935 937
929 931
931 933
931 933
928 930
931 933
927 929
938 940
927 929
921 923
924 926
926 928
929 931
924 926
914 916
910 912
908 910
917 919
917 919
918 920
922 924
922 924
918 920
925 927
929 931
930 932
939 941
943 945
941 943
948 950
940 942
950 952
948 950
944 946
935 937
935 937
931 933
921 923
911 913
911 913
908 910
907 909
901 903
901 903
900 902
908 910
899 901
897 899
894 896
904 906
915 917
905 907
906 908
910 912
914 916
912 914
911 913
907 909
916 918
909 911
908 910
899 901
887 889
875 877
875 877
874 876
880 882
879 881
871 873
863 865
860 862
867 869
868 870
878 880
869 871
873 875
882 884
869 871
876 878
891 893
876 878
870 872
865 867
866 868
870 872
873 875
856 858
856 858
852 854
840 842
839 841
845 847
835 837
845 847
836 838
funVal is 0.14630816.
>> >> >> >> >> >> 